t C_u^{tot} C_b^{tot} C_s^{tot} phi_i^{tot} phi_m^{tot} phi_{C_u}^{tot} phi_{C_b}^{tot} -F_{phi_i}(x=1) -F_{phi_{C_b}}(x=0) m j_{phi_i} state t_{inf}
0.000000e0 5.00000000e-2 0.00000000e0 0.00000000e0 4.00000688e-1 0.00000000e0 0.00000000e0 0.00000000e0 4.36561443e-4 -0.00000000e0 1.13865000e-3 4.55461000e-4 0 -1.000000e0
1.000250e-1 1.69518032e-1 3.13209316e-1 0.00000000e0 3.99998798e-1 3.66981246e-5 2.32658503e-6 5.94526084e-6 4.36562133e-4 1.34327713e-5 1.13865000e-3 4.55461000e-4 0 -1.000000e0
2.000250e-1 1.77971249e-1 6.44738784e-1 0.00000000e0 3.99996909e-1 6.16042609e-5 3.78061433e-6 2.32545636e-5 4.36561268e-4 2.32621776e-5 1.13865000e-3 4.55461000e-4 0 -1.000000e0
3.000250e-1 1.84170027e-1 9.46069561e-1 0.00000000e0 3.99995019e-1 8.13977773e-5 4.75796219e-6 4.53397443e-5 4.36560107e-4 3.02888394e-5 1.13865000e-3 4.55461000e-4 0 -1.000000e0
4.000250e-1 1.90088422e-1 1.21986804e0 0.00000000e0 3.99993130e-1 9.81491051e-5 5.68852523e-6 6.98689338e-5 4.36558795e-4 3.62646669e-5 1.13865000e-3 4.55461000e-4 0 -1.000000e0
5.000250e-1 1.95791144e-1 1.46953018e0 0.00000000e0 3.99991240e-1 1.12742864e-4 6.63476581e-6 9.59778187e-5 4.36557386e-4 4.15611066e-5 1.13865000e-3 4.55461000e-4 0 -1.000000e0
6.000000e-1 2.01280211e-1 1.69796255e0 0.00000000e0 3.99989352e-1 1.25659101e-4 7.60846145e-6 1.23224428e-4 4.36555910e-4 4.63188611e-5 1.13865000e-3 4.55461000e-4 0 -1.000000e0
7.000000e-1 2.06561210e-1 1.90783109e0 0.00000000e0 3.99987463e-1 1.37211880e-4 8.61316839e-6 1.51360792e-4 4.36554384e-4 5.06292038e-5 1.13865000e-3 4.55461000e-4 0 -1.000000e0
8.000000e-1 2.11636864e-1 2.10127543e0 0.00000000e0 3.99985573e-1 1.47614237e-4 9.64894939e-6 1.80204713e-4 4.36552820e-4 5.45610699e-5 1.13865000e-3 4.55461000e-4 0 -1.000000e0
9.000000e-1 2.16512358e-1 2.28019186e0 0.00000000e0 3.99983684e-1 1.57028733e-4 1.07148838e-5 2.09629353e-4 4.36551226e-4 5.81738214e-5 1.13865000e-3 4.55461000e-4 0 -1.000000e0
1.000000e0 2.21193665e-1 2.44621680e0 0.00000000e0 3.99981795e-1 1.65582948e-4 1.18094310e-5 2.39537979e-4 4.36549609e-4 6.15181794e-5 1.13865000e-3 4.55461000e-4 0 -1.000000e0
1.100000e0 2.25687316e-1 2.60076411e0 0.00000000e0 3.99979906e-1 1.73380156e-4 1.29307383e-5 2.69853797e-4 4.36547975e-4 6.46371986e-5 1.13865000e-3 4.55461000e-4 0 -1.000000e0
1.200000e0 2.30000202e-1 2.74505704e0 0.00000000e0 3.99978018e-1 1.80505846e-4 1.40768212e-5 3.00513973e-4 4.36546328e-4 6.75670725e-5 1.13865000e-3 4.55461000e-4 0 -1.000000e0
1.300000e0 2.34139410e-1 2.88015581e0 0.00000000e0 3.99976129e-1 1.87031984e-4 1.52456752e-5 3.31465906e-4 4.36544673e-4 7.03379600e-5 1.13865000e-3 4.55461000e-4 0 -1.000000e0
1.400000e0 2.38112094e-1 3.00698105e0 0.00000000e0 3.99974240e-1 1.93019944e-4 1.64353447e-5 3.62664786e-4 4.36543014e-4 7.29748198e-5 1.13865000e-3 4.55461000e-4 0 -1.000000e0
1.500025e0 2.41926302e-1 3.12636292e0 0.00000000e0 3.99972351e-1 1.98523925e-4 1.76442693e-5 3.94079816e-4 4.36541355e-4 7.54988252e-5 1.13865000e-3 4.55461000e-4 0 -1.000000e0
1.600025e0 2.45587125e-1 3.23894079e0 0.00000000e0 3.99970462e-1 2.03587132e-4 1.88700925e-5 4.25661566e-4 4.36539700e-4 7.79255948e-5 1.13865000e-3 4.55461000e-4 0 -1.000000e0
1.700025e0 2.49102351e-1 3.34535662e0 0.00000000e0 3.99968573e-1 2.08251201e-4 2.01114856e-5 4.57388235e-4 4.36538053e-4 8.02696093e-5 1.13865000e-3 4.55461000e-4 0 -1.000000e0
1.800025e0 2.52478576e-1 3.44614647e0 0.00000000e0 3.99966685e-1 2.12551523e-4 2.13669445e-5 4.89233623e-4 4.36536418e-4 8.25422116e-5 1.13865000e-3 4.55461000e-4 0 -1.000000e0
1.900025e0 2.55722142e-1 3.54178181e0 0.00000000e0 3.99964796e-1 2.16519429e-4 2.26350863e-5 5.21174445e-4 4.36534798e-4 8.47527109e-5 1.13865000e-3 4.55461000e-4 0 -1.000000e0
2.000025e0 2.58839122e-1 3.63267859e0 0.00000000e0 3.99962908e-1 2.20182788e-4 2.39146429e-5 5.53189914e-4 4.36533197e-4 8.69087636e-5 1.13865000e-3 4.55461000e-4 0 -1.000000e0
2.100025e0 2.61835312e-1 3.71920490e0 0.00000000e0 3.99961019e-1 2.23566512e-4 2.52044527e-5 5.85261399e-4 4.36531619e-4 8.90166870e-5 1.13865000e-3 4.55461000e-4 0 -1.000000e0
2.200025e0 2.64716222e-1 3.80168756e0 0.00000000e0 3.99959131e-1 2.26692966e-4 2.65034518e-5 6.17372141e-4 4.36530067e-4 9.10817151e-5 1.13865000e-3 4.55461000e-4 0 -1.000000e0
2.300025e0 2.67487085e-1 3.88041766e0 0.00000000e0 3.99957243e-1 2.29582319e-4 2.78106653e-5 6.49507013e-4 4.36528544e-4 9.31082059e-5 1.13865000e-3 4.55461000e-4 0 -1.000000e0
2.400025e0 2.70152860e-1 3.95565538e0 0.00000000e0 3.99955354e-1 2.32252836e-4 2.91251988e-5 6.81652308e-4 4.36527054e-4 9.50998090e-5 1.13865000e-3 4.55461000e-4 0 -1.000000e0
2.500025e0 2.72718241e-1 4.02763400e0 0.00000000e0 3.99953466e-1 2.34721128e-4 3.04462302e-5 7.13795570e-4 4.36525599e-4 9.70596014e-5 1.13865000e-3 4.55461000e-4 0 -1.000000e0
2.600025e0 2.75187667e-1 4.09656342e0 0.00000000e0 3.99951578e-1 2.37002363e-4 3.17730025e-5 7.45925433e-4 4.36524183e-4 9.89901956e-5 1.13865000e-3 4.55461000e-4 0 -1.000000e0
2.700025e0 2.77565339e-1 4.16263309e0 0.00000000e0 3.99949690e-1 2.39110449e-4 3.31048171e-5 7.78031494e-4 4.36522808e-4 1.00893827e-4 1.13865000e-3 4.55461000e-4 0 -1.000000e0
2.800025e0 2.79855223e-1 4.22601461e0 0.00000000e0 3.99947802e-1 2.41058187e-4 3.44410276e-5 8.10104196e-4 4.36521476e-4 1.02772425e-4 1.13865000e-3 4.55461000e-4 0 -1.000000e0
2.900025e0 2.82061074e-1 4.28686390e0 0.00000000e0 3.99945914e-1 2.42857403e-4 3.57810343e-5 8.42134729e-4 4.36520190e-4 1.04627668e-4 1.13865000e-3 4.55461000e-4 0 -1.000000e0
3.000025e0 2.84186439e-1 4.34532308e0 0.00000000e0 3.99944027e-1 2.44519064e-4 3.71242796e-5 8.74114946e-4 4.36518952e-4 1.06461030e-4 1.13865000e-3 4.55461000e-4 0 -1.000000e0
3.100025e0 2.86234677e-1 4.40152207e0 0.00000000e0 3.99942139e-1 2.46053369e-4 3.84702436e-5 9.06037287e-4 4.36517763e-4 1.08273813e-4 1.13865000e-3 4.55461000e-4 0 -1.000000e0
3.200025e0 2.88208966e-1 4.45558006e0 0.00000000e0 3.99940251e-1 2.47469838e-4 3.98184402e-5 9.37894718e-4 4.36516625e-4 1.10067183e-4 1.13865000e-3 4.55461000e-4 0 -1.000000e0
3.300025e0 2.90112316e-1 4.50760665e0 0.00000000e0 3.99938364e-1 2.48777380e-4 4.11684136e-5 9.69680675e-4 4.36515540e-4 1.11842185e-4 1.13865000e-3 4.55461000e-4 0 -1.000000e0
3.400025e0 2.91947583e-1 4.55770297e0 0.00000000e0 3.99936476e-1 2.49984350e-4 4.25197358e-5 1.00138902e-3 4.36514507e-4 1.13599770e-4 1.13865000e-3 4.55461000e-4 0 -1.000000e0
3.500025e0 2.93717475e-1 4.60596253e0 0.00000000e0 3.99934589e-1 2.51098607e-4 4.38720034e-5 1.03301399e-3 4.36513529e-4 1.15340804e-4 1.13865000e-3 4.55461000e-4 0 -1.000000e0
3.600025e0 2.95424563e-1 4.65247207e0 0.00000000e0 3.99932702e-1 2.52127554e-4 4.52248354e-5 1.06455018e-3 4.36512605e-4 1.17066083e-4 1.13865000e-3 4.55461000e-4 0 -1.000000e0
3.700025e0 2.97071292e-1 4.69731223e0 0.00000000e0 3.99930815e-1 2.53078176e-4 4.65778717e-5 1.09599251e-3 4.36511735e-4 1.18776342e-4 1.13865000e-3 4.55461000e-4 0 -1.000000e0
3.800025e0 2.98659987e-1 4.74055816e0 0.00000000e0 3.99928928e-1 2.53957070e-4 4.79307703e-5 1.12733619e-3 4.36510921e-4 1.20472266e-4 1.13865000e-3 4.55461000e-4 0 -1.000000e0
3.900025e0 3.00192862e-1 4.78228006e0 0.00000000e0 3.99927041e-1 2.54770479e-4 4.92832066e-5 1.15857669e-3 4.36510161e-4 1.22154491e-4 1.13865000e-3 4.55461000e-4 0 -1.000000e0
4.000025e0 3.01672027e-1 4.82254367e0 0.00000000e0 3.99925155e-1 2.55524309e-4 5.06348716e-5 1.18970977e-3 4.36509455e-4 1.23823614e-4 1.13865000e-3 4.55461000e-4 0 -1.000000e0
4.100025e0 3.03099495e-1 4.86141064e0 0.00000000e0 3.99923268e-1 2.56224151e-4 5.19854705e-5 1.22073141e-3 4.36508803e-4 1.25480198e-4 1.13865000e-3 4.55461000e-4 0 -1.000000e0
4.200025e0 3.04477188e-1 4.89893893e0 0.00000000e0 3.99921382e-1 2.56875302e-4 5.33347220e-5 1.25163781e-3 4.36508204e-4 1.27124770e-4 1.13865000e-3 4.55461000e-4 0 -1.000000e0
4.300025e0 3.05806941e-1 4.93518313e0 0.00000000e0 3.99919496e-1 2.57482776e-4 5.46823569e-5 1.28242542e-3 4.36507658e-4 1.28757833e-4 1.13865000e-3 4.55461000e-4 0 -1.000000e0
4.400025e0 3.07090510e-1 4.97019473e0 0.00000000e0 3.99917610e-1 2.58051320e-4 5.60281176e-5 1.31309087e-3 4.36507162e-4 1.30379859e-4 1.13865000e-3 4.55461000e-4 0 -1.000000e0
4.500025e0 3.08329576e-1 5.00402241e0 0.00000000e0 3.99915724e-1 2.58585425e-4 5.73717571e-5 1.34363099e-3 4.36506716e-4 1.31991297e-4 1.13865000e-3 4.55461000e-4 0 -1.000000e0
4.600025e0 3.09525748e-1 5.03671222e0 0.00000000e0 3.99913838e-1 2.59089336e-4 5.87130387e-5 1.37404282e-3 4.36506319e-4 1.33592575e-4 1.13865000e-3 4.55461000e-4 0 -1.000000e0
4.700025e0 3.10680568e-1 5.06830784e0 0.00000000e0 3.99911953e-1 2.59567066e-4 6.00517348e-5 1.40432356e-3 4.36505969e-4 1.35184099e-4 1.13865000e-3 4.55461000e-4 0 -1.000000e0
4.800025e0 3.11795516e-1 5.09885073e0 0.00000000e0 3.99910068e-1 2.60022399e-4 6.13876269e-5 1.43447061e-3 4.36505665e-4 1.36766255e-4 1.13865000e-3 4.55461000e-4 0 -1.000000e0
4.900025e0 3.12872012e-1 5.12838027e0 0.00000000e0 3.99908183e-1 2.60458900e-4 6.27205050e-5 1.46448152e-3 4.36505405e-4 1.38339411e-4 1.13865000e-3 4.55461000e-4 0 -1.000000e0
5.000025e0 3.13911419e-1 5.15693397e0 0.00000000e0 3.99906298e-1 2.60879927e-4 6.40501671e-5 1.49435404e-3 4.36505187e-4 1.39903917e-4 1.13865000e-3 4.55461000e-4 0 -1.000000e0
5.100025e0 3.14915047e-1 5.18454757e0 0.00000000e0 3.99904413e-1 2.61288632e-4 6.53764190e-5 1.52408603e-3 4.36505010e-4 1.41460108e-4 1.13865000e-3 4.55461000e-4 0 -1.000000e0
5.200025e0 3.15884155e-1 5.21125514e0 0.00000000e0 3.99902528e-1 2.61687971e-4 6.66990739e-5 1.55367556e-3 4.36504872e-4 1.43008302e-4 1.13865000e-3 4.55461000e-4 0 -1.000000e0
5.300025e0 3.16819955e-1 5.23708922e0 0.00000000e0 3.99900644e-1 2.62080714e-4 6.80179522e-5 1.58312082e-3 4.36504771e-4 1.44548801e-4 1.13865000e-3 4.55461000e-4 0 -1.000000e0
5.400025e0 3.17723612e-1 5.26208091e0 0.00000000e0 3.99898760e-1 2.62469444e-4 6.93328811e-5 1.61242014e-3 4.36504706e-4 1.46081893e-4 1.13865000e-3 4.55461000e-4 0 -1.000000e0
5.500025e0 3.18596247e-1 5.28625997e0 0.00000000e0 3.99896876e-1 2.62856572e-4 7.06436946e-5 1.64157202e-3 4.36504674e-4 1.47607853e-4 1.13865000e-3 4.55461000e-4 0 -1.000000e0
5.600025e0 3.19438941e-1 5.30965488e0 0.00000000e0 3.99894992e-1 2.63244336e-4 7.19502331e-5 1.67057507e-3 4.36504674e-4 1.49126940e-4 1.13865000e-3 4.55461000e-4 0 -1.000000e0
5.700025e0 3.20252735e-1 5.33229293e0 0.00000000e0 3.99893109e-1 2.63634812e-4 7.32523437e-5 1.69942805e-3 4.36504704e-4 1.50639403e-4 1.13865000e-3 4.55461000e-4 0 -1.000000e0
5.800025e0 3.21038631e-1 5.35420030e0 0.00000000e0 3.99891226e-1 2.64029920e-4 7.45498792e-5 1.72812983e-3 4.36504762e-4 1.52145475e-4 1.13865000e-3 4.55461000e-4 0 -1.000000e0
5.900025e0 3.21797596e-1 5.37540208e0 0.00000000e0 3.99889343e-1 2.64431427e-4 7.58426988e-5 1.75667942e-3 4.36504846e-4 1.53645379e-4 1.13865000e-3 4.55461000e-4 0 -1.000000e0
6.000025e0 3.22530561e-1 5.39592239e0 0.00000000e0 3.99887460e-1 2.64840956e-4 7.71306678e-5 1.78507593e-3 4.36504954e-4 1.55139324e-4 1.13865000e-3 4.55461000e-4 0 -1.000000e0
6.100025e0 3.23238426e-1 5.41578438e0 0.00000000e0 3.99885577e-1 2.65259991e-4 7.84136569e-5 1.81331860e-3 4.36505085e-4 1.56627507e-4 1.13865000e-3 4.55461000e-4 0 -1.000000e0
6.200025e0 3.23922056e-1 5.43501032e0 0.00000000e0 3.99883695e-1 2.65689882e-4 7.96915429e-5 1.84140676e-3 4.36505238e-4 1.58110115e-4 1.13865000e-3 4.55461000e-4 0 -1.000000e0
6.300025e0 3.24582288e-1 5.45362161e0 0.00000000e0 3.99881813e-1 2.66131855e-4 8.09642081e-5 1.86933985e-3 4.36505409e-4 1.59587324e-4 1.13865000e-3 4.55461000e-4 0 -1.000000e0
6.400025e0 3.25219929e-1 5.47163885e0 0.00000000e0 3.99879931e-1 2.66587012e-4 8.22315406e-5 1.89711742e-3 4.36505599e-4 1.61059297e-4 1.13865000e-3 4.55461000e-4 0 -1.000000e0
6.500025e0 3.25835758e-1 5.48908186e0 0.00000000e0 3.99878049e-1 2.67056342e-4 8.34934335e-5 1.92473911e-3 4.36505804e-4 1.62526186e-4 1.13865000e-3 4.55461000e-4 0 -1.000000e0
6.600025e0 3.26430525e-1 5.50596974e0 0.00000000e0 3.99876168e-1 2.67540723e-4 8.47497858e-5 1.95220462e-3 4.36506024e-4 1.63988136e-4 1.13865000e-3 4.55461000e-4 0 -1.000000e0
6.700025e0 3.27004957e-1 5.52232087e0 0.00000000e0 3.99874287e-1 2.68040930e-4 8.60005014e-5 1.97951378e-3 4.36506257e-4 1.65445278e-4 1.13865000e-3 4.55461000e-4 0 -1.000000e0
6.800025e0 3.27559752e-1 5.53815299e0 0.00000000e0 3.99872406e-1 2.68557639e-4 8.72454896e-5 2.00666647e-3 4.36506502e-4 1.66897734e-4 1.13865000e-3 4.55461000e-4 0 -1.000000e0
6.900025e0 3.28095588e-1 5.55348317e0 0.00000000e0 3.99870525e-1 2.69091434e-4 8.84846649e-5 2.03366266e-3 4.36506757e-4 1.68345619e-4 1.13865000e-3 4.55461000e-4 0 -1.000000e0
7.000025e0 3.28613117e-1 5.56832789e0 0.00000000e0 3.99868645e-1 2.69642811e-4 8.97179465e-5 2.06050239e-3 4.36507022e-4 1.69789034e-4 1.13865000e-3 4.55461000e-4 0 -1.000000e0
7.100025e0 3.29112968e-1 5.58270304e0 0.00000000e0 3.99866764e-1 2.70212182e-4 9.09452589e-5 2.08718575e-3 4.36507294e-4 1.71228074e-4 1.13865000e-3 4.55461000e-4 0 -1.000000e0
7.200025e0 3.29595751e-1 5.59662396e0 0.00000000e0 3.99864884e-1 2.70799885e-4 9.21665313e-5 2.11371291e-3 4.36507573e-4 1.72662823e-4 1.13865000e-3 4.55461000e-4 0 -1.000000e0
7.300025e0 3.30062053e-1 5.61010545e0 0.00000000e0 3.99863005e-1 2.71406181e-4 9.33816975e-5 2.14008412e-3 4.36507857e-4 1.74093360e-4 1.13865000e-3 4.55461000e-4 0 -1.000000e0
7.400025e0 3.30512440e-1 5.62316178e0 0.00000000e0 3.99861125e-1 2.72031267e-4 9.45906961e-5 2.16629963e-3 4.36508146e-4 1.75519750e-4 1.13865000e-3 4.55461000e-4 0 -1.000000e0
7.500025e0 3.30947462e-1 5.63580674e0 0.00000000e0 3.99859246e-1 2.72675275e-4 9.57934703e-5 2.19235981e-3 4.36508438e-4 1.76942055e-4 1.13865000e-3 4.55461000e-4 0 -1.000000e0
7.600025e0 3.31367647e-1 5.64805365e0 0.00000000e0 3.99857367e-1 2.73338278e-4 9.69899677e-5 2.21826502e-3 4.36508733e-4 1.78360327e-4 1.13865000e-3 4.55461000e-4 0 -1.000000e0
7.700025e0 3.31773506e-1 5.65991538e0 0.00000000e0 3.99855488e-1 2.74020294e-4 9.81801400e-5 2.24401571e-3 4.36509030e-4 1.79774609e-4 1.13865000e-3 4.55461000e-4 0 -1.000000e0
7.800025e0 3.32165532e-1 5.67140435e0 0.00000000e0 3.99853610e-1 2.74721292e-4 9.93639433e-5 2.26961233e-3 4.36509327e-4 1.81184940e-4 1.13865000e-3 4.55461000e-4 0 -1.000000e0
7.900025e0 3.32544201e-1 5.68253256e0 0.00000000e0 3.99851731e-1 2.75441191e-4 1.00541338e-4 2.29505542e-3 4.36509625e-4 1.82591349e-4 1.13865000e-3 4.55461000e-4 0 -1.000000e0
8.000025e0 3.32909975e-1 5.69331161e0 0.00000000e0 3.99849853e-1 2.76179872e-4 1.01712288e-4 2.32034550e-3 4.36509921e-4 1.83993861e-4 1.13865000e-3 4.55461000e-4 0 -1.000000e0
8.100025e0 3.33263296e-1 5.70375272e0 0.00000000e0 3.99847976e-1 2.76937173e-4 1.02876762e-4 2.34548317e-3 4.36510217e-4 1.85392492e-4 1.13865000e-3 4.55461000e-4 0 -1.000000e0
8.200025e0 3.33604594e-1 5.71386671e0 0.00000000e0 3.99846098e-1 2.77712896e-4 1.04034731e-4 2.37046905e-3 4.36510510e-4 1.86787254e-4 1.13865000e-3 4.55461000e-4 0 -1.000000e0
8.300025e0 3.33934283e-1 5.72366407e0 0.00000000e0 3.99844221e-1 2.78506812e-4 1.05186171e-4 2.39530376e-3 4.36510801e-4 1.88178152e-4 1.13865000e-3 4.55461000e-4 0 -1.000000e0
8.400025e0 3.34252763e-1 5.73315492e0 0.00000000e0 3.99842344e-1 2.79318662e-4 1.06331061e-4 2.41998797e-3 4.36511088e-4 1.89565186e-4 1.13865000e-3 4.55461000e-4 0 -1.000000e0
8.500000e0 3.34560345e-1 5.74234678e0 0.00000000e0 3.99840467e-1 2.80147950e-4 1.07469100e-4 2.44451627e-3 4.36511372e-4 1.90948006e-4 1.13865000e-3 4.55461000e-4 0 -1.000000e0
8.600000e0 3.34857556e-1 5.75125373e0 0.00000000e0 3.99838591e-1 2.80994780e-4 1.08600842e-4 2.46890163e-3 4.36511653e-4 1.92327294e-4 1.13865000e-3 4.55461000e-4 0 -1.000000e0
8.700000e0 3.35144676e-1 5.75988258e0 0.00000000e0 3.99836714e-1 2.81858616e-4 1.09725990e-4 2.49313863e-3 4.36511928e-4 1.93702688e-4 1.13865000e-3 4.55461000e-4 0 -1.000000e0
8.800000e0 3.35422055e-1 5.76824219e0 0.00000000e0 3.99834838e-1 2.82739107e-4 1.10844538e-4 2.51722801e-3 4.36512199e-4 1.95074171e-4 1.13865000e-3 4.55461000e-4 0 -1.000000e0
8.900000e0 3.35690027e-1 5.77634111e0 0.00000000e0 3.99832962e-1 2.83635886e-4 1.11956480e-4 2.54117055e-3 4.36512465e-4 1.96441719e-4 1.13865000e-3 4.55461000e-4 0 -1.000000e0
9.000000e0 3.35948917e-1 5.78418765e0 0.00000000e0 3.99831087e-1 2.84548573e-4 1.13061813e-4 2.56496702e-3 4.36512726e-4 1.97805307e-4 1.13865000e-3 4.55461000e-4 0 -1.000000e0
9.100000e0 3.36199038e-1 5.79178980e0 0.00000000e0 3.99829211e-1 2.85476772e-4 1.14160537e-4 2.58861821e-3 4.36512980e-4 1.99164904e-4 1.13865000e-3 4.55461000e-4 0 -1.000000e0
9.200000e0 3.36440691e-1 5.79915532e0 0.00000000e0 3.99827336e-1 2.86420079e-4 1.15252657e-4 2.61212493e-3 4.36513229e-4 2.00520479e-4 1.13865000e-3 4.55461000e-4 0 -1.000000e0
9.300000e0 3.36674169e-1 5.80629171e0 0.00000000e0 3.99825461e-1 2.87378080e-4 1.16338177e-4 2.63548798e-3 4.36513472e-4 2.01871995e-4 1.13865000e-3 4.55461000e-4 0 -1.000000e0
9.400000e0 3.36899752e-1 5.81320623e0 0.00000000e0 3.99823587e-1 2.88350356e-4 1.17417105e-4 2.65870820e-3 4.36513709e-4 2.03219416e-4 1.13865000e-3 4.55461000e-4 0 -1.000000e0
9.500000e0 3.37117714e-1 5.81990590e0 0.00000000e0 3.99821712e-1 2.89336479e-4 1.18489451e-4 2.68178639e-3 4.36513939e-4 2.04562700e-4 1.13865000e-3 4.55461000e-4 0 -1.000000e0
9.600000e0 3.37328315e-1 5.82639752e0 0.00000000e0 3.99819838e-1 2.90336020e-4 1.19555227e-4 2.70472341e-3 4.36514163e-4 2.05901807e-4 1.13865000e-3 4.55461000e-4 0 -1.000000e0
9.700000e0 3.37531810e-1 5.83268764e0 0.00000000e0 3.99817964e-1 2.91348545e-4 1.20614448e-4 2.72752008e-3 4.36514380e-4 2.07236692e-4 1.13865000e-3 4.55461000e-4 0 -1.000000e0
9.800000e0 3.37728443e-1 5.83878265e0 0.00000000e0 3.99816090e-1 2.92373618e-4 1.21667131e-4 2.75017725e-3 4.36514591e-4 2.08567310e-4 1.13865000e-3 4.55461000e-4 0 -1.000000e0
9.900000e0 3.37918449e-1 5.84468869e0 0.00000000e0 3.99814217e-1 2.93410804e-4 1.22713292e-4 2.77269578e-3 4.36514795e-4 2.09893615e-4 1.13865000e-3 4.55461000e-4 0 -1.000000e0
1.000000e1 3.38102058e-1 5.85041172e0 0.00000000e0 3.99812344e-1 2.94459667e-4 1.23752952e-4 2.79507650e-3 4.36514992e-4 2.11215560e-4 1.13865000e-3 4.55461000e-4 0 -1.000000e0
1.010000e1 3.38279488e-1 5.85595751e0 0.00000000e0 3.99810471e-1 2.95519773e-4 1.24786132e-4 2.81732027e-3 4.36515182e-4 2.12533096e-4 1.13865000e-3 4.55461000e-4 0 -1.000000e0
1.020000e1 3.38450952e-1 5.86133164e0 0.00000000e0 3.99808598e-1 2.96590690e-4 1.25812856e-4 2.83942794e-3 4.36515366e-4 2.13846175e-4 1.13865000e-3 4.55461000e-4 0 -1.000000e0
1.030000e1 3.38616655e-1 5.86653951e0 0.00000000e0 3.99806725e-1 2.97671989e-4 1.26833147e-4 2.86140036e-3 4.36515542e-4 2.15154748e-4 1.13865000e-3 4.55461000e-4 0 -1.000000e0
1.040000e1 3.38776795e-1 5.87158635e0 0.00000000e0 3.99804853e-1 2.98763243e-4 1.27847033e-4 2.88323840e-3 4.36515712e-4 2.16458765e-4 1.13865000e-3 4.55461000e-4 0 -1.000000e0
1.050000e1 3.38931563e-1 5.87647721e0 0.00000000e0 3.99802981e-1 2.99864031e-4 1.28854540e-4 2.90494289e-3 4.36515876e-4 2.17758178e-4 1.13865000e-3 4.55461000e-4 0 -1.000000e0
1.060000e1 3.39081142e-1 5.88121701e0 0.00000000e0 3.99801109e-1 3.00973937e-4 1.29855696e-4 2.92651469e-3 4.36516032e-4 2.19052938e-4 1.13865000e-3 4.55461000e-4 0 -1.000000e0
1.070000e1 3.39225711e-1 5.88581047e0 0.00000000e0 3.99799237e-1 3.02092548e-4 1.30850531e-4 2.94795466e-3 4.36516182e-4 2.20342995e-4 1.13865000e-3 4.55461000e-4 0 -1.000000e0
1.080000e1 3.39365441e-1 5.89026219e0 0.00000000e0 3.99797366e-1 3.03219460e-4 1.31839076e-4 2.96926363e-3 4.36516326e-4 2.21628302e-4 1.13865000e-3 4.55461000e-4 0 -1.000000e0
1.090000e1 3.39500498e-1 5.89457661e0 0.00000000e0 3.99795495e-1 3.04354271e-4 1.32821362e-4 2.99044246e-3 4.36516463e-4 2.22908812e-4 1.13865000e-3 4.55461000e-4 0 -1.000000e0
1.100000e1 3.39631043e-1 5.89875803e0 0.00000000e0 3.99793624e-1 3.05496589e-4 1.33797422e-4 3.01149198e-3 4.36516594e-4 2.24184478e-4 1.13865000e-3 4.55461000e-4 0 -1.000000e0
1.110000e1 3.39757229e-1 5.90281062e0 0.00000000e0 3.99791753e-1 3.06646026e-4 1.34767290e-4 3.03241304e-3 4.36516718e-4 2.25455253e-4 1.13865000e-3 4.55461000e-4 0 -1.000000e0
1.120000e1 3.39879205e-1 5.90673841e0 0.00000000e0 3.99789883e-1 3.07802203e-4 1.35730999e-4 3.05320648e-3 4.36516836e-4 2.26721094e-4 1.13865000e-3 4.55461000e-4 0 -1.000000e0
1.130000e1 3.39997115e-1 5.91054530e0 0.00000000e0 3.99788012e-1 3.08964747e-4 1.36688585e-4 3.07387312e-3 4.36516948e-4 2.27981956e-4 1.13865000e-3 4.55461000e-4 0 -1.000000e0
1.140000e1 3.40111099e-1 5.91423507e0 0.00000000e0 3.99786142e-1 3.10133293e-4 1.37640084e-4 3.09441380e-3 4.36517054e-4 2.29237797e-4 1.13865000e-3 4.55461000e-4 0 -1.000000e0
1.150000e1 3.40221289e-1 5.91781138e0 0.00000000e0 3.99784273e-1 3.11307483e-4 1.38585530e-4 3.11482935e-3 4.36517155e-4 2.30488577e-4 1.13865000e-3 4.55461000e-4 0 -1.000000e0
1.160000e1 3.40327816e-1 5.92127777e0 0.00000000e0 3.99782403e-1 3.12486966e-4 1.39524962e-4 3.13512058e-3 4.36517249e-4 2.31734255e-4 1.13865000e-3 4.55461000e-4 0 -1.000000e0
1.170000e1 3.40430804e-1 5.92463768e0 0.00000000e0 3.99780534e-1 3.13671400e-4 1.40458417e-4 3.15528831e-3 4.36517338e-4 2.32974792e-4 1.13865000e-3 4.55461000e-4 0 -1.000000e0
1.180000e1 3.40530374e-1 5.92789441e0 0.00000000e0 3.99778664e-1 3.14860450e-4 1.41385932e-4 3.17533336e-3 4.36517421e-4 2.34210153e-4 1.13865000e-3 4.55461000e-4 0 -1.000000e0
1.190000e1 3.40626642e-1 5.93105119e0 0.00000000e0 3.99776795e-1 3.16053788e-4 1.42307545e-4 3.19525654e-3 4.36517499e-4 2.35440301e-4 1.13865000e-3 4.55461000e-4 0 -1.000000e0
1.200000e1 3.40719720e-1 5.93411113e0 0.00000000e0 3.99774927e-1 3.17251097e-4 1.43223295e-4 3.21505864e-3 4.36517572e-4 2.36665203e-4 1.13865000e-3 4.55461000e-4 0 -1.000000e0
1.210000e1 3.40809716e-1 5.93707725e0 0.00000000e0 3.99773058e-1 3.18452063e-4 1.44133221e-4 3.23474046e-3 4.36517639e-4 2.37884828e-4 1.13865000e-3 4.55461000e-4 0 -1.000000e0
1.220000e1 3.40896736e-1 5.93995246e0 0.00000000e0 3.99771190e-1 3.19656383e-4 1.45037362e-4 3.25430281e-3 4.36517702e-4 2.39099144e-4 1.13865000e-3 4.55461000e-4 0 -1.000000e0
1.230000e1 3.40980880e-1 5.94273960e0 0.00000000e0 3.99769322e-1 3.20863762e-4 1.45935757e-4 3.27374647e-3 4.36517759e-4 2.40308122e-4 1.13865000e-3 4.55461000e-4 0 -1.000000e0
1.240000e1 3.41062245e-1 5.94544139e0 0.00000000e0 3.99767454e-1 3.22073910e-4 1.46828446e-4 3.29307222e-3 4.36517812e-4 2.41511737e-4 1.13865000e-3 4.55461000e-4 0 -1.000000e0
1.250000e1 3.41140927e-1 5.94806049e0 0.00000000e0 3.99765586e-1 3.23286548e-4 1.47715468e-4 3.31228085e-3 4.36517860e-4 2.42709962e-4 1.13865000e-3 4.55461000e-4 0 -1.000000e0
1.260000e1 3.41217015e-1 5.95059948e0 0.00000000e0 3.99763719e-1 3.24501402e-4 1.48596863e-4 3.33137312e-3 4.36517904e-4 2.43902774e-4 1.13865000e-3 4.55461000e-4 0 -1.000000e0
1.270000e1 3.41290597e-1 5.95306082e0 0.00000000e0 3.99761852e-1 3.25718207e-4 1.49472671e-4 3.35034981e-3 4.36517943e-4 2.45090151e-4 1.13865000e-3 4.55461000e-4 0 -1.000000e0
1.280000e1 3.41361758e-1 5.95544694e0 0.00000000e0 3.99759985e-1 3.26936703e-4 1.50342932e-4 3.36921167e-3 4.36517978e-4 2.46272073e-4 1.13865000e-3 4.55461000e-4 0 -1.000000e0
1.290000e1 3.41430579e-1 5.95776016e0 0.00000000e0 3.99758118e-1 3.28156642e-4 1.51207685e-4 3.38795946e-3 4.36518009e-4 2.47448522e-4 1.13865000e-3 4.55461000e-4 0 -1.000000e0
1.300000e1 3.41497141e-1 5.96000275e0 0.00000000e0 3.99756251e-1 3.29377778e-4 1.52066972e-4 3.40659395e-3 4.36518036e-4 2.48619480e-4 1.13865000e-3 4.55461000e-4 0 -1.000000e0
1.310000e1 3.41561517e-1 5.96217688e0 0.00000000e0 3.99754385e-1 3.30599874e-4 1.52920831e-4 3.42511587e-3 4.36518058e-4 2.49784933e-4 1.13865000e-3 4.55461000e-4 0 -1.000000e0
1.320000e1 3.41623783e-1 5.96428468e0 0.00000000e0 3.99752519e-1 3.31822702e-4 1.53769302e-4 3.44352596e-3 4.36518077e-4 2.50944867e-4 1.13865000e-3 4.55461000e-4 0 -1.000000e0
1.330000e1 3.41684010e-1 5.96632820e0 0.00000000e0 3.99750653e-1 3.33046039e-4 1.54612425e-4 3.46182496e-3 4.36518093e-4 2.52099271e-4 1.13865000e-3 4.55461000e-4 0 -1.000000e0
1.340000e1 3.41742265e-1 5.96830943e0 0.00000000e0 3.99748787e-1 3.34269667e-4 1.55450240e-4 3.48001360e-3 4.36518105e-4 2.53248134e-4 1.13865000e-3 4.55461000e-4 0 -1.000000e0
1.350000e1 3.41798615e-1 5.97023029e0 0.00000000e0 3.99746922e-1 3.35493378e-4 1.56282787e-4 3.49809261e-3 4.36518113e-4 2.54391448e-4 1.13865000e-3 4.55461000e-4 0 -1.000000e0
1.360000e1 3.41853124e-1 5.97209264e0 0.00000000e0 3.99745057e-1 3.36716969e-4 1.57110104e-4 3.51606270e-3 4.36518118e-4 2.55529206e-4 1.13865000e-3 4.55461000e-4 0 -1.000000e0
1.370000e1 3.41905853e-1 5.97389830e0 0.00000000e0 3.99743192e-1 3.37940242e-4 1.57932231e-4 3.53392458e-3 4.36518120e-4 2.56661402e-4 1.13865000e-3 4.55461000e-4 0 -1.000000e0
1.380000e1 3.41956863e-1 5.97564901e0 0.00000000e0 3.99741327e-1 3.39163008e-4 1.58749207e-4 3.55167898e-3 4.36518119e-4 2.57788033e-4 1.13865000e-3 4.55461000e-4 0 -1.000000e0
1.390000e1 3.42006210e-1 5.97734647e0 0.00000000e0 3.99739462e-1 3.40385081e-4 1.59561071e-4 3.56932658e-3 4.36518115e-4 2.58909095e-4 1.13865000e-3 4.55461000e-4 0 -1.000000e0
1.400000e1 3.42053951e-1 5.97899231e0 0.00000000e0 3.99737598e-1 3.41606283e-4 1.60367861e-4 3.58686808e-3 4.36518107e-4 2.60024588e-4 1.13865000e-3 4.55461000e-4 0 -1.000000e0
1.410000e1 3.42100138e-1 5.98058813e0 0.00000000e0 3.99735733e-1 3.42826441e-4 1.61169615e-4 3.60430418e-3 4.36518097e-4 2.61134512e-4 1.13865000e-3 4.55461000e-4 0 -1.000000e0
1.420000e1 3.42144824e-1 5.98213546e0 0.00000000e0 3.99733869e-1 3.44045388e-4 1.61966373e-4 3.62163557e-3 4.36518085e-4 2.62238869e-4 1.13865000e-3 4.55461000e-4 0 -1.000000e0
1.430000e1 3.42188059e-1 5.98363581e0 0.00000000e0 3.99732006e-1 3.45262962e-4 1.62758171e-4 3.63886291e-3 4.36518070e-4 2.63337660e-4 1.13865000e-3 4.55461000e-4 0 -1.000000e0
1.440000e1 3.42229891e-1 5.98509061e0 0.00000000e0 3.99730142e-1 3.46479007e-4 1.63545048e-4 3.65598690e-3 4.36518052e-4 2.64430891e-4 1.13865000e-3 4.55461000e-4 0 -1.000000e0
1.450000e1 3.42270367e-1 5.98650126e0 0.00000000e0 3.99728279e-1 3.47693373e-4 1.64327041e-4 3.67300818e-3 4.36518032e-4 2.65518567e-4 1.13865000e-3 4.55461000e-4 0 -1.000000e0
1.460000e1 3.42309532e-1 5.98786913e0 0.00000000e0 3.99726416e-1 3.48905913e-4 1.65104186e-4 3.68992744e-3 4.36518010e-4 2.66600694e-4 1.13865000e-3 4.55461000e-4 0 -1.000000e0
1.470000e1 3.42347429e-1 5.98919552e0 0.00000000e0 3.99724553e-1 3.50116486e-4 1.65876522e-4 3.70674533e-3 4.36517985e-4 2.67677279e-4 1.13865000e-3 4.55461000e-4 0 -1.000000e0
1.480000e1 3.42384100e-1 5.99048170e0 0.00000000e0 3.99722690e-1 3.51324957e-4 1.66644083e-4 3.72346250e-3 4.36517959e-4 2.68748331e-4 1.13865000e-3 4.55461000e-4 0 -1.000000e0
1.490000e1 3.42419587e-1 5.99172892e0 0.00000000e0 3.99720827e-1 3.52531195e-4 1.67406906e-4 3.74007961e-3 4.36517930e-4 2.69813861e-4 1.13865000e-3 4.55461000e-4 0 -1.000000e0
1.500000e1 3.42453928e-1 5.99293837e0 0.00000000e0 3.99718965e-1 3.53735072e-4 1.68165028e-4 3.75659728e-3 4.36517899e-4 2.70873878e-4 1.13865000e-3 4.55461000e-4 0 -1.000000e0
1.510000e1 3.42487161e-1 5.99411120e0 0.00000000e0 3.99717103e-1 3.54936467e-4 1.68918483e-4 3.77301616e-3 4.36517867e-4 2.71928393e-4 1.13865000e-3 4.55461000e-4 0 -1.000000e0
1.520000e1 3.42519323e-1 5.99524854e0 0.00000000e0 3.99715241e-1 3.56135262e-4 1.69667307e-4 3.78933689e-3 4.36517833e-4 2.72977421e-4 1.13865000e-3 4.55461000e-4 0 -1.000000e0
1.530000e1 3.42550449e-1 5.99635147e0 0.00000000e0 3.99713379e-1 3.57331344e-4 1.70411535e-4 3.80556009e-3 4.36517797e-4 2.74020973e-4 1.13865000e-3 4.55461000e-4 0 -1.000000e0
1.540000e1 3.42580574e-1 5.99742105e0 0.00000000e0 3.99711518e-1 3.58524604e-4 1.71151202e-4 3.82168637e-3 4.36517759e-4 2.75059064e-4 1.13865000e-3 4.55461000e-4 0 -1.000000e0
1.550000e1 3.42609730e-1 5.99845830e0 0.00000000e0 3.99709657e-1 3.59714936e-4 1.71886341e-4 3.83771636e-3 4.36517720e-4 2.76091709e-4 1.13865000e-3 4.55461000e-4 0 -1.000000e0
1.560000e1 3.42637949e-1 5.99946420e0 0.00000000e0 3.99707796e-1 3.60902239e-4 1.72616986e-4 3.85365067e-3 4.36517679e-4 2.77118924e-4 1.13865000e-3 4.55461000e-4 0 -1.000000e0
1.570000e1 3.42665262e-1 6.00043971e0 0.00000000e0 3.99705935e-1 3.62086415e-4 1.73343172e-4 3.86948990e-3 4.36517637e-4 2.78140724e-4 1.13865000e-3 4.55461000e-4 0 -1.000000e0
1.580000e1 3.42691700e-1 6.00138577e0 0.00000000e0 3.99704074e-1 3.63267372e-4 1.74064931e-4 3.88523466e-3 4.36517594e-4 2.79157127e-4 1.13865000e-3 4.55461000e-4 0 -1.000000e0
1.590000e1 3.42717290e-1 6.00230327e0 0.00000000e0 3.99702214e-1 3.64445019e-4 1.74782295e-4 3.90088554e-3 4.36517550e-4 2.80168151e-4 1.13865000e-3 4.55461000e-4 0 -1.000000e0
1.600000e1 3.42742060e-1 6.00319309e0 0.00000000e0 3.99700353e-1 3.65619270e-4 1.75495299e-4 3.91644313e-3 4.36517504e-4 2.81173813e-4 1.13865000e-3 4.55461000e-4 0 -1.000000e0
1.610000e1 3.42766038e-1 6.00405606e0 0.00000000e0 3.99698493e-1 3.66790040e-4 1.76203973e-4 3.93190802e-3 4.36517457e-4 2.82174133e-4 1.13865000e-3 4.55461000e-4 0 -1.000000e0
1.620000e1 3.42789249e-1 6.00489301e0 0.00000000e0 3.99696634e-1 3.67957252e-4 1.76908350e-4 3.94728078e-3 4.36517409e-4 2.83169129e-4 1.13865000e-3 4.55461000e-4 0 -1.000000e0
1.630000e1 3.42811719e-1 6.00570472e0 0.00000000e0 3.99694774e-1 3.69120827e-4 1.77608460e-4 3.96256201e-3 4.36517360e-4 2.84158822e-4 1.13865000e-3 4.55461000e-4 0 -1.000000e0
1.640000e1 3.42833471e-1 6.00649198e0 0.00000000e0 3.99692915e-1 3.70280693e-4 1.78304337e-4 3.97775226e-3 4.36517310e-4 2.85143231e-4 1.13865000e-3 4.55461000e-4 0 -1.000000e0
1.650000e1 3.42854529e-1 6.00725552e0 0.00000000e0 3.99691055e-1 3.71436778e-4 1.78996009e-4 3.99285210e-3 4.36517259e-4 2.86122377e-4 1.13865000e-3 4.55461000e-4 0 -1.000000e0
1.660000e1 3.42874916e-1 6.00799607e0 0.00000000e0 3.99689196e-1 3.72589017e-4 1.79683507e-4 4.00786211e-3 4.36517207e-4 2.87096281e-4 1.13865000e-3 4.55461000e-4 0 -1.000000e0
1.670000e1 3.42894653e-1 6.00871432e0 0.00000000e0 3.99687338e-1 3.73737344e-4 1.80366862e-4 4.02278282e-3 4.36517155e-4 2.88064964e-4 1.13865000e-3 4.55461000e-4 0 -1.000000e0
1.680000e1 3.42913763e-1 6.00941096e0 0.00000000e0 3.99685479e-1 3.74881697e-4 1.81046104e-4 4.03761481e-3 4.36517102e-4 2.89028448e-4 1.13865000e-3 4.55461000e-4 0 -1.000000e0
1.690000e1 3.42932264e-1 6.01008664e0 0.00000000e0 3.99683621e-1 3.76022017e-4 1.81721261e-4 4.05235861e-3 4.36517048e-4 2.89986755e-4 1.13865000e-3 4.55461000e-4 0 -1.000000e0
1.700000e1 3.42950178e-1 6.01074199e0 0.00000000e0 3.99681762e-1 3.77158248e-4 1.82392364e-4 4.06701477e-3 4.36516993e-4 2.90939907e-4 1.13865000e-3 4.55461000e-4 0 -1.000000e0
1.710000e1 3.42967522e-1 6.01137764e0 0.00000000e0 3.99679904e-1 3.78290336e-4 1.83059440e-4 4.08158383e-3 4.36516938e-4 2.91887927e-4 1.13865000e-3 4.55461000e-4 0 -1.000000e0
1.720000e1 3.42984316e-1 6.01199418e0 0.00000000e0 3.99678047e-1 3.79418229e-4 1.83722518e-4 4.09606632e-3 4.36516883e-4 2.92830837e-4 1.13865000e-3 4.55461000e-4 0 -1.000000e0
1.730000e1 3.43000578e-1 6.01259220e0 0.00000000e0 3.99676189e-1 3.80541879e-4 1.84381627e-4 4.11046278e-3 4.36516827e-4 2.93768660e-4 1.13865000e-3 4.55461000e-4 0 -1.000000e0
1.740000e1 3.43016324e-1 6.01317226e0 0.00000000e0 3.99674332e-1 3.81661239e-4 1.85036793e-4 4.12477373e-3 4.36516770e-4 2.94701418e-4 1.13865000e-3 4.55461000e-4 0 -1.000000e0
1.750000e1 3.43031571e-1 6.01373489e0 0.00000000e0 3.99672475e-1 3.82776264e-4 1.85688046e-4 4.13899970e-3 4.36516713e-4 2.95629137e-4 1.13865000e-3 4.55461000e-4 0 -1.000000e0
1.760000e1 3.43046336e-1 6.01428063e0 0.00000000e0 3.99670618e-1 3.83886912e-4 1.86335411e-4 4.15314120e-3 4.36516656e-4 2.96551837e-4 1.13865000e-3 4.55461000e-4 0 -1.000000e0
1.770000e1 3.43060634e-1 6.01480999e0 0.00000000e0 3.99668761e-1 3.84993143e-4 1.86978915e-4 4.16719874e-3 4.36516598e-4 2.97469544e-4 1.13865000e-3 4.55461000e-4 0 -1.000000e0
1.780000e1 3.43074480e-1 6.01532347e0 0.00000000e0 3.99666905e-1 3.86094919e-4 1.87618586e-4 4.18117284e-3 4.36516540e-4 2.98382280e-4 1.13865000e-3 4.55461000e-4 0 -1.000000e0
1.790000e1 3.43087889e-1 6.01582155e0 0.00000000e0 3.99665048e-1 3.87192203e-4 1.88254450e-4 4.19506400e-3 4.36516481e-4 2.99290070e-4 1.13865000e-3 4.55461000e-4 0 -1.000000e0
1.800000e1 3.43100875e-1 6.01630469e0 0.00000000e0 3.99663192e-1 3.88284963e-4 1.88886531e-4 4.20887272e-3 4.36516423e-4 3.00192936e-4 1.13865000e-3 4.55461000e-4 0 -1.000000e0
1.810000e1 3.43113451e-1 6.01677335e0 0.00000000e0 3.99661336e-1 3.89373165e-4 1.89514857e-4 4.22259950e-3 4.36516364e-4 3.01090903e-4 1.13865000e-3 4.55461000e-4 0 -1.000000e0
1.820000e1 3.43125630e-1 6.01722796e0 0.00000000e0 3.99659480e-1 3.90456779e-4 1.90139453e-4 4.23624484e-3 4.36516305e-4 3.01983995e-4 1.13865000e-3 4.55461000e-4 0 -1.000000e0
1.830000e1 3.43137426e-1 6.01766895e0 0.00000000e0 3.99657625e-1 3.91535777e-4 1.90760343e-4 4.24980922e-3 4.36516246e-4 3.02872234e-4 1.13865000e-3 4.55461000e-4 0 -1.000000e0
1.840000e1 3.43148851e-1 6.01809673e0 0.00000000e0 3.99655770e-1 3.92610131e-4 1.91377552e-4 4.26329313e-3 4.36516187e-4 3.03755646e-4 1.13865000e-3 4.55461000e-4 0 -1.000000e0
1.850000e1 3.43159917e-1 6.01851169e0 0.00000000e0 3.99653915e-1 3.93679817e-4 1.91991105e-4 4.27669706e-3 4.36516128e-4 3.04634253e-4 1.13865000e-3 4.55461000e-4 0 -1.000000e0
1.860000e1 3.43170634e-1 6.01891424e0 0.00000000e0 3.99652060e-1 3.94744810e-4 1.92601026e-4 4.29002148e-3 4.36516069e-4 3.05508080e-4 1.13865000e-3 4.55461000e-4 0 -1.000000e0
1.870000e1 3.43181015e-1 6.01930473e0 0.00000000e0 3.99650205e-1 3.95805089e-4 1.93207339e-4 4.30326686e-3 4.36516010e-4 3.06377150e-4 1.13865000e-3 4.55461000e-4 0 -1.000000e0
1.880000e1 3.43191070e-1 6.01968354e0 0.00000000e0 3.99648351e-1 3.96860633e-4 1.93810068e-4 4.31643368e-3 4.36515951e-4 3.07241487e-4 1.13865000e-3 4.55461000e-4 0 -1.000000e0
1.890000e1 3.43200810e-1 6.02005102e0 0.00000000e0 3.99646496e-1 3.97911423e-4 1.94409236e-4 4.32952241e-3 4.36515891e-4 3.08101115e-4 1.13865000e-3 4.55461000e-4 0 -1.000000e0
1.900000e1 3.43210244e-1 6.02040751e0 0.00000000e0 3.99644642e-1 3.98957441e-4 1.95004866e-4 4.34253350e-3 4.36515832e-4 3.08956057e-4 1.13865000e-3 4.55461000e-4 0 -1.000000e0
1.910000e1 3.43219382e-1 6.02075334e0 0.00000000e0 3.99642788e-1 3.99998671e-4 1.95596982e-4 4.35546743e-3 4.36515773e-4 3.09806336e-4 1.13865000e-3 4.55461000e-4 0 -1.000000e0
1.920000e1 3.43228234e-1 6.02108882e0 0.00000000e0 3.99640935e-1 4.01035099e-4 1.96185606e-4 4.36832465e-3 4.36515715e-4 3.10651977e-4 1.13865000e-3 4.55461000e-4 0 -1.000000e0
1.930000e1 3.43236810e-1 6.02141429e0 0.00000000e0 3.99639081e-1 4.02066709e-4 1.96770760e-4 4.38110560e-3 4.36515656e-4 3.11493003e-4 1.13865000e-3 4.55461000e-4 0 -1.000000e0
1.940000e1 3.43245117e-1 6.02173002e0 0.00000000e0 3.99637228e-1 4.03093491e-4 1.97352466e-4 4.39381075e-3 4.36515597e-4 3.12329436e-4 1.13865000e-3 4.55461000e-4 0 -1.000000e0
1.950000e1 3.43253164e-1 6.02203633e0 0.00000000e0 3.99635375e-1 4.04115432e-4 1.97930747e-4 4.40644054e-3 4.36515539e-4 3.13161301e-4 1.13865000e-3 4.55461000e-4 0 -1.000000e0
1.960000e1 3.43260960e-1 6.02233348e0 0.00000000e0 3.99633522e-1 4.05132524e-4 1.98505625e-4 4.41899542e-3 4.36515481e-4 3.13988619e-4 1.13865000e-3 4.55461000e-4 0 -1.000000e0
1.970000e1 3.43268512e-1 6.02262177e0 0.00000000e0 3.99631670e-1 4.06144755e-4 1.99077120e-4 4.43147582e-3 4.36515423e-4 3.14811415e-4 1.13865000e-3 4.55461000e-4 0 -1.000000e0
1.980000e1 3.43275829e-1 6.02290145e0 0.00000000e0 3.99629817e-1 4.07152120e-4 1.99645254e-4 4.44388218e-3 4.36515365e-4 3.15629711e-4 1.13865000e-3 4.55461000e-4 0 -1.000000e0
1.990000e1 3.43282918e-1 6.02317278e0 0.00000000e0 3.99627965e-1 4.08154612e-4 2.00210048e-4 4.45621494e-3 4.36515307e-4 3.16443531e-4 1.13865000e-3 4.55461000e-4 0 -1.000000e0
2.000000e1 3.43289785e-1 6.02343601e0 0.00000000e0 3.99626113e-1 4.09152223e-4 2.00771523e-4 4.46847453e-3 4.36515250e-4 3.17252895e-4 1.13865000e-3 4.55461000e-4 0 -1.000000e0
2.010000e1 3.43296439e-1 6.02369139e0 0.00000000e0 3.99624261e-1 4.10144951e-4 2.01329699e-4 4.48066137e-3 4.36515193e-4 3.18057828e-4 1.13865000e-3 4.55461000e-4 0 -1.000000e0
2.020000e1 3.43302885e-1 6.02393915e0 0.00000000e0 3.99622410e-1 4.11132791e-4 2.01884597e-4 4.49277590e-3 4.36515137e-4 3.18858352e-4 1.13865000e-3 4.55461000e-4 0 -1.000000e0
2.030000e1 3.43309131e-1 6.02417953e0 0.00000000e0 3.99620558e-1 4.12115740e-4 2.02436237e-4 4.50481853e-3 4.36515080e-4 3.19654489e-4 1.13865000e-3 4.55461000e-4 0 -1.000000e0
2.040000e1 3.43315183e-1 6.02441273e0 0.00000000e0 3.99618707e-1 4.13093797e-4 2.02984640e-4 4.51678969e-3 4.36515024e-4 3.20446260e-4 1.13865000e-3 4.55461000e-4 0 -1.000000e0
2.050000e1 3.43321047e-1 6.02463899e0 0.00000000e0 3.99616856e-1 4.14066960e-4 2.03529824e-4 4.52868978e-3 4.36514969e-4 3.21233690e-4 1.13865000e-3 4.55461000e-4 0 -1.000000e0
2.060000e1 3.43326728e-1 6.02485850e0 0.00000000e0 3.99615005e-1 4.15035230e-4 2.04071810e-4 4.54051924e-3 4.36514913e-4 3.22016798e-4 1.13865000e-3 4.55461000e-4 0 -1.000000e0
2.070000e1 3.43332233e-1 6.02507147e0 0.00000000e0 3.99613155e-1 4.15998606e-4 2.04610617e-4 4.55227845e-3 4.36514859e-4 3.22795608e-4 1.13865000e-3 4.55461000e-4 0 -1.000000e0
2.080000e1 3.43337567e-1 6.02527810e0 0.00000000e0 3.99611304e-1 4.16957091e-4 2.05146263e-4 4.56396785e-3 4.36514804e-4 3.23570140e-4 1.13865000e-3 4.55461000e-4 0 -1.000000e0
2.090000e1 3.43342736e-1 6.02547857e0 0.00000000e0 3.99609454e-1 4.17910686e-4 2.05678769e-4 4.57558782e-3 4.36514750e-4 3.24340416e-4 1.13865000e-3 4.55461000e-4 0 -1.000000e0
2.100000e1 3.43347744e-1 6.02567307e0 0.00000000e0 3.99607604e-1 4.18859395e-4 2.06208154e-4 4.58713877e-3 4.36514696e-4 3.25106459e-4 1.13865000e-3 4.55461000e-4 0 -1.000000e0
2.110000e1 3.43352598e-1 6.02586178e0 0.00000000e0 3.99605755e-1 4.19803221e-4 2.06734434e-4 4.59862111e-3 4.36514643e-4 3.25868288e-4 1.13865000e-3 4.55461000e-4 0 -1.000000e0
2.120000e1 3.43357300e-1 6.02604488e0 0.00000000e0 3.99603905e-1 4.20742168e-4 2.07257630e-4 4.61003522e-3 4.36514590e-4 3.26625926e-4 1.13865000e-3 4.55461000e-4 0 -1.000000e0
2.130000e1 3.43361858e-1 6.02622252e0 0.00000000e0 3.99602056e-1 4.21676242e-4 2.07777760e-4 4.62138151e-3 4.36514538e-4 3.27379393e-4 1.13865000e-3 4.55461000e-4 0 -1.000000e0
2.140000e1 3.43366274e-1 6.02639487e0 0.00000000e0 3.99600206e-1 4.22605447e-4 2.08294842e-4 4.63266037e-3 4.36514486e-4 3.28128710e-4 1.13865000e-3 4.55461000e-4 0 -1.000000e0
2.150000e1 3.43370554e-1 6.02656210e0 0.00000000e0 3.99598358e-1 4.23529791e-4 2.08808893e-4 4.64387218e-3 4.36514434e-4 3.28873898e-4 1.13865000e-3 4.55461000e-4 0 -1.000000e0
2.160000e1 3.43374701e-1 6.02672435e0 0.00000000e0 3.99596509e-1 4.24449281e-4 2.09319933e-4 4.65501733e-3 4.36514383e-4 3.29614978e-4 1.13865000e-3 4.55461000e-4 0 -1.000000e0
2.170000e1 3.43378721e-1 6.02688178e0 0.00000000e0 3.99594660e-1 4.25363923e-4 2.09827977e-4 4.66609622e-3 4.36514333e-4 3.30351970e-4 1.13865000e-3 4.55461000e-4 0 -1.000000e0
2.180000e1 3.43382616e-1 6.02703452e0 0.00000000e0 3.99592812e-1 4.26273726e-4 2.10333045e-4 4.67710921e-3 4.36514283e-4 3.31084895e-4 1.13865000e-3 4.55461000e-4 0 -1.000000e0
2.190000e1 3.43386391e-1 6.02718273e0 0.00000000e0 3.99590964e-1 4.27178697e-4 2.10835153e-4 4.68805669e-3 4.36514233e-4 3.31813773e-4 1.13865000e-3 4.55461000e-4 0 -1.000000e0
2.200000e1 3.43390050e-1 6.02732652e0 0.00000000e0 3.99589116e-1 4.28078848e-4 2.11334319e-4 4.69893904e-3 4.36514184e-4 3.32538623e-4 1.13865000e-3 4.55461000e-4 0 -1.000000e0
2.210000e1 3.43393595e-1 6.02746604e0 0.00000000e0 3.99587268e-1 4.28974186e-4 2.11830560e-4 4.70975664e-3 4.36514135e-4 3.33259467e-4 1.13865000e-3 4.55461000e-4 0 -1.000000e0
2.220000e1 3.43397032e-1 6.02760142e0 0.00000000e0 3.99585421e-1 4.29864721e-4 2.12323892e-4 4.72050985e-3 4.36514087e-4 3.33976323e-4 1.13865000e-3 4.55461000e-4 0 -1.000000e0
2.230000e1 3.43400362e-1 6.02773277e0 0.00000000e0 3.99583574e-1 4.30750466e-4 2.12814334e-4 4.73119904e-3 4.36514040e-4 3.34689213e-4 1.13865000e-3 4.55461000e-4 0 -1.000000e0
2.240000e1 3.43403590e-1 6.02786022e0 0.00000000e0 3.99581726e-1 4.31631429e-4 2.13301900e-4 4.74182459e-3 4.36513992e-4 3.35398154e-4 1.13865000e-3 4.55461000e-4 0 -1.000000e0
2.250000e1 3.43406719e-1 6.02798388e0 0.00000000e0 3.99579880e-1 4.32507623e-4 2.13786609e-4 4.75238685e-3 4.36513946e-4 3.36103168e-4 1.13865000e-3 4.55461000e-4 0 -1.000000e0
2.260000e1 3.43409752e-1 6.02810387e0 0.00000000e0 3.99578033e-1 4.33379060e-4 2.14268476e-4 4.76288620e-3 4.36513900e-4 3.36804273e-4 1.13865000e-3 4.55461000e-4 0 -1.000000e0
2.270000e1 3.43412691e-1 6.02822029e0 0.00000000e0 3.99576186e-1 4.34245751e-4 2.14747517e-4 4.77332300e-3 4.36513854e-4 3.37501488e-4 1.13865000e-3 4.55461000e-4 0 -1.000000e0
2.280000e1 3.43415539e-1 6.02833326e0 0.00000000e0 3.99574340e-1 4.35107710e-4 2.15223750e-4 4.78369759e-3 4.36513809e-4 3.38194833e-4 1.13865000e-3 4.55461000e-4 0 -1.000000e0
2.290000e1 3.43418301e-1 6.02844287e0 0.00000000e0 3.99572494e-1 4.35964949e-4 2.15697189e-4 4.79401035e-3 4.36513765e-4 3.38884327e-4 1.13865000e-3 4.55461000e-4 0 -1.000000e0
2.300000e1 3.43420977e-1 6.02854923e0 0.00000000e0 3.99570648e-1 4.36817481e-4 2.16167852e-4 4.80426163e-3 4.36513721e-4 3.39569989e-4 1.13865000e-3 4.55461000e-4 0 -1.000000e0
2.310000e1 3.43423571e-1 6.02865243e0 0.00000000e0 3.99568803e-1 4.37665320e-4 2.16635753e-4 4.81445177e-3 4.36513678e-4 3.40251838e-4 1.13865000e-3 4.55461000e-4 0 -1.000000e0
2.320000e1 3.43426086e-1 6.02875257e0 0.00000000e0 3.99566957e-1 4.38508481e-4 2.17100909e-4 4.82458113e-3 4.36513635e-4 3.40929892e-4 1.13865000e-3 4.55461000e-4 0 -1.000000e0
2.330000e1 3.43428524e-1 6.02884973e0 0.00000000e0 3.99565112e-1 4.39346977e-4 2.17563335e-4 4.83465006e-3 4.36513593e-4 3.41604170e-4 1.13865000e-3 4.55461000e-4 0 -1.000000e0
2.340000e1 3.43430886e-1 6.02894401e0 0.00000000e0 3.99563267e-1 4.40180823e-4 2.18023046e-4 4.84465891e-3 4.36513551e-4 3.42274691e-4 1.13865000e-3 4.55461000e-4 0 -1.000000e0
2.350000e1 3.43433177e-1 6.02903550e0 0.00000000e0 3.99561422e-1 4.41010035e-4 2.18480058e-4 4.85460801e-3 4.36513510e-4 3.42941472e-4 1.13865000e-3 4.55461000e-4 0 -1.000000e0
2.360000e1 3.43435397e-1 6.02912426e0 0.00000000e0 3.99559578e-1 4.41834626e-4 2.18934387e-4 4.86449772e-3 4.36513470e-4 3.43604533e-4 1.13865000e-3 4.55461000e-4 0 -1.000000e0
2.370000e1 3.43437549e-1 6.02921040e0 0.00000000e0 3.99557733e-1 4.42654612e-4 2.19386047e-4 4.87432836e-3 4.36513430e-4 3.44263892e-4 1.13865000e-3 4.55461000e-4 0 -1.000000e0
2.380000e1 3.43439635e-1 6.02929398e0 0.00000000e0 3.99555889e-1 4.43470010e-4 2.19835053e-4 4.88410029e-3 4.36513391e-4 3.44919566e-4 1.13865000e-3 4.55461000e-4 0 -1.000000e0
2.390000e1 3.43441658e-1 6.02937508e0 0.00000000e0 3.99554045e-1 4.44280835e-4 2.20281421e-4 4.89381384e-3 4.36513352e-4 3.45571574e-4 1.13865000e-3 4.55461000e-4 0 -1.000000e0
2.400000e1 3.43443618e-1 6.02945378e0 0.00000000e0 3.99552201e-1 4.45087103e-4 2.20725165e-4 4.90346934e-3 4.36513314e-4 3.46219933e-4 1.13865000e-3 4.55461000e-4 0 -1.000000e0
2.410000e1 3.43445519e-1 6.02953014e0 0.00000000e0 3.99550358e-1 4.45888831e-4 2.21166300e-4 4.91306712e-3 4.36513276e-4 3.46864662e-4 1.13865000e-3 4.55461000e-4 0 -1.000000e0
2.420000e1 3.43447362e-1 6.02960423e0 0.00000000e0 3.99548514e-1 4.46686036e-4 2.21604841e-4 4.92260752e-3 4.36513239e-4 3.47505778e-4 1.13865000e-3 4.55461000e-4 0 -1.000000e0
2.430000e1 3.43449148e-1 6.02967613e0 0.00000000e0 3.99546671e-1 4.47478733e-4 2.22040802e-4 4.93209087e-3 4.36513202e-4 3.48143299e-4 1.13865000e-3 4.55461000e-4 0 -1.000000e0
2.440000e1 3.43450879e-1 6.02974590e0 0.00000000e0 3.99544828e-1 4.48266940e-4 2.22474197e-4 4.94151748e-3 4.36513166e-4 3.48777242e-4 1.13865000e-3 4.55461000e-4 0 -1.000000e0
2.450000e1 3.43452558e-1 6.02981360e0 0.00000000e0 3.99542985e-1 4.49050674e-4 2.22905042e-4 4.95088770e-3 4.36513131e-4 3.49407626e-4 1.13865000e-3 4.55461000e-4 0 -1.000000e0
2.460000e1 3.43454186e-1 6.02987929e0 0.00000000e0 3.99541143e-1 4.49829953e-4 2.23333350e-4 4.96020183e-3 4.36513096e-4 3.50034466e-4 1.13865000e-3 4.55461000e-4 0 -1.000000e0
2.470000e1 3.43455763e-1 6.02994304e0 0.00000000e0 3.99539301e-1 4.50604794e-4 2.23759136e-4 4.96946021e-3 4.36513062e-4 3.50657781e-4 1.13865000e-3 4.55461000e-4 0 -1.000000e0
2.480000e1 3.43457293e-1 6.03000489e0 0.00000000e0 3.99537458e-1 4.51375215e-4 2.24182413e-4 4.97866315e-3 4.36513029e-4 3.51277588e-4 1.13865000e-3 4.55461000e-4 0 -1.000000e0
2.490000e1 3.43458776e-1 6.03006491e0 0.00000000e0 3.99535616e-1 4.52141233e-4 2.24603196e-4 4.98781098e-3 4.36512996e-4 3.51893904e-4 1.13865000e-3 4.55461000e-4 0 -1.000000e0
2.500000e1 3.43460214e-1 6.03012315e0 0.00000000e0 3.99533775e-1 4.52902867e-4 2.25021498e-4 4.99690400e-3 4.36512963e-4 3.52506746e-4 1.13865000e-3 4.55461000e-4 0 -1.000000e0
2.510000e1 3.43461608e-1 6.03017967e0 0.00000000e0 3.99531933e-1 4.53660135e-4 2.25437335e-4 5.00594253e-3 4.36512931e-4 3.53116131e-4 1.13865000e-3 4.55461000e-4 0 -1.000000e0
2.520000e1 3.43462960e-1 6.03023451e0 0.00000000e0 3.99530092e-1 4.54413054e-4 2.25850718e-4 5.01492689e-3 4.36512900e-4 3.53722076e-4 1.13865000e-3 4.55461000e-4 0 -1.000000e0
2.530000e1 3.43464270e-1 6.03028773e0 0.00000000e0 3.99528251e-1 4.55161644e-4 2.26261662e-4 5.02385738e-3 4.36512869e-4 3.54324597e-4 1.13865000e-3 4.55461000e-4 0 -1.000000e0
2.540000e1 3.43465541e-1 6.03033937e0 0.00000000e0 3.99526410e-1 4.55905922e-4 2.26670181e-4 5.03273432e-3 4.36512839e-4 3.54923712e-4 1.13865000e-3 4.55461000e-4 0 -1.000000e0
2.550000e1 3.43466773e-1 6.03038948e0 0.00000000e0 3.99524569e-1 4.56645908e-4 2.27076288e-4 5.04155801e-3 4.36512810e-4 3.55519437e-4 1.13865000e-3 4.55461000e-4 0 -1.000000e0
2.560000e1 3.43467967e-1 6.03043810e0 0.00000000e0 3.99522729e-1 4.57381619e-4 2.27479996e-4 5.05032876e-3 4.36512781e-4 3.56111789e-4 1.13865000e-3 4.55461000e-4 0 -1.000000e0
2.570000e1 3.43469125e-1 6.03048528e0 0.00000000e0 3.99520888e-1 4.58113075e-4 2.27881319e-4 5.05904688e-3 4.36512752e-4 3.56700784e-4 1.13865000e-3 4.55461000e-4 0 -1.000000e0
2.580000e1 3.43470248e-1 6.03053107e0 0.00000000e0 3.99519048e-1 4.58840295e-4 2.28280271e-4 5.06771266e-3 4.36512724e-4 3.57286439e-4 1.13865000e-3 4.55461000e-4 0 -1.000000e0
2.590000e1 3.43471336e-1 6.03057549e0 0.00000000e0 3.99517209e-1 4.59563297e-4 2.28676864e-4 5.07632641e-3 4.36512697e-4 3.57868770e-4 1.13865000e-3 4.55461000e-4 0 -1.000000e0
2.600000e1 3.43472392e-1 6.03061861e0 0.00000000e0 3.99515369e-1 4.60282101e-4 2.29071111e-4 5.08488842e-3 4.36512671e-4 3.58447793e-4 1.13865000e-3 4.55461000e-4 0 -1.000000e0
2.610000e1 3.43473416e-1 6.03066044e0 0.00000000e0 3.99513529e-1 4.60996725e-4 2.29463026e-4 5.09339900e-3 4.36512644e-4 3.59023525e-4 1.13865000e-3 4.55461000e-4 0 -1.000000e0
2.620000e1 3.43474408e-1 6.03070103e0 0.00000000e0 3.99511690e-1 4.61707189e-4 2.29852621e-4 5.10185844e-3 4.36512619e-4 3.59595982e-4 1.13865000e-3 4.55461000e-4 0 -1.000000e0
2.630000e1 3.43475370e-1 6.03074043e0 0.00000000e0 3.99509851e-1 4.62413511e-4 2.30239910e-4 5.11026704e-3 4.36512594e-4 3.60165180e-4 1.13865000e-3 4.55461000e-4 0 -1.000000e0
2.640000e1 3.43476303e-1 6.03077865e0 0.00000000e0 3.99508012e-1 4.63115712e-4 2.30624906e-4 5.11862509e-3 4.36512570e-4 3.60731136e-4 1.13865000e-3 4.55461000e-4 0 -1.000000e0
2.650000e1 3.43477208e-1 6.03081574e0 0.00000000e0 3.99506174e-1 4.63813810e-4 2.31007620e-4 5.12693287e-3 4.36512546e-4 3.61293864e-4 1.13865000e-3 4.55461000e-4 0 -1.000000e0
2.660000e1 3.43478086e-1 6.03085173e0 0.00000000e0 3.99504335e-1 4.64507825e-4 2.31388066e-4 5.13519069e-3 4.36512523e-4 3.61853381e-4 1.13865000e-3 4.55461000e-4 0 -1.000000e0
2.670000e1 3.43478936e-1 6.03088666e0 0.00000000e0 3.99502497e-1 4.65197776e-4 2.31766257e-4 5.14339882e-3 4.36512500e-4 3.62409703e-4 1.13865000e-3 4.55461000e-4 0 -1.000000e0
2.680000e1 3.43479761e-1 6.03092055e0 0.00000000e0 3.99500659e-1 4.65883683e-4 2.32142205e-4 5.15155756e-3 4.36512478e-4 3.62962845e-4 1.13865000e-3 4.55461000e-4 0 -1.000000e0
2.690000e1 3.43480561e-1 6.03095344e0 0.00000000e0 3.99498821e-1 4.66565565e-4 2.32515923e-4 5.15966719e-3 4.36512456e-4 3.63512824e-4 1.13865000e-3 4.55461000e-4 0 -1.000000e0
2.700000e1 3.43481337e-1 6.03098535e0 0.00000000e0 3.99496984e-1 4.67243441e-4 2.32887422e-4 5.16772799e-3 4.36512435e-4 3.64059656e-4 1.13865000e-3 4.55461000e-4 0 -1.000000e0
2.710000e1 3.43482089e-1 6.03101632e0 0.00000000e0 3.99495146e-1 4.67917331e-4 2.33256716e-4 5.17574025e-3 4.36512415e-4 3.64603355e-4 1.13865000e-3 4.55461000e-4 0 -1.000000e0
2.720000e1 3.43482818e-1 6.03104637e0 0.00000000e0 3.99493309e-1 4.68587255e-4 2.33623817e-4 5.18370425e-3 4.36512395e-4 3.65143937e-4 1.13865000e-3 4.55461000e-4 0 -1.000000e0
2.730000e1 3.43483526e-1 6.03107552e0 0.00000000e0 3.99491472e-1 4.69253232e-4 2.33988736e-4 5.19162026e-3 4.36512376e-4 3.65681418e-4 1.13865000e-3 4.55461000e-4 0 -1.000000e0
2.740000e1 3.43484212e-1 6.03110382e0 0.00000000e0 3.99489635e-1 4.69915281e-4 2.34351487e-4 5.19948856e-3 4.36512357e-4 3.66215813e-4 1.13865000e-3 4.55461000e-4 0 -1.000000e0
2.750000e1 3.43484877e-1 6.03113127e0 0.00000000e0 3.99487799e-1 4.70573423e-4 2.34712081e-4 5.20730944e-3 4.36512339e-4 3.66747138e-4 1.13865000e-3 4.55461000e-4 0 -1.000000e0
2.760000e1 3.43485522e-1 6.03115791e0 0.00000000e0 3.99485963e-1 4.71227676e-4 2.35070530e-4 5.21508315e-3 4.36512321e-4 3.67275408e-4 1.13865000e-3 4.55461000e-4 0 -1.000000e0
2.770000e1 3.43486147e-1 6.03118377e0 0.00000000e0 3.99484126e-1 4.71878060e-4 2.35426847e-4 5.22280999e-3 4.36512304e-4 3.67800638e-4 1.13865000e-3 4.55461000e-4 0 -1.000000e0
2.780000e1 3.43486754e-1 6.03120885e0 0.00000000e0 3.99482291e-1 4.72524595e-4 2.35781042e-4 5.23049022e-3 4.36512288e-4 3.68322844e-4 1.13865000e-3 4.55461000e-4 0 -1.000000e0
2.790000e1 3.43487342e-1 6.03123319e0 0.00000000e0 3.99480455e-1 4.73167301e-4 2.36133129e-4 5.23812410e-3 4.36512272e-4 3.68842040e-4 1.13865000e-3 4.55461000e-4 0 -1.000000e0
2.800000e1 3.43487913e-1 6.03125681e0 0.00000000e0 3.99478619e-1 4.73806196e-4 2.36483119e-4 5.24571191e-3 4.36512256e-4 3.69358243e-4 1.13865000e-3 4.55461000e-4 0 -1.000000e0
2.810000e1 3.43488466e-1 6.03127973e0 0.00000000e0 3.99476784e-1 4.74441301e-4 2.36831024e-4 5.25325392e-3 4.36512242e-4 3.69871466e-4 1.13865000e-3 4.55461000e-4 0 -1.000000e0
2.820000e1 3.43489002e-1 6.03130197e0 0.00000000e0 3.99474949e-1 4.75072635e-4 2.37176854e-4 5.26075039e-3 4.36512227e-4 3.70381725e-4 1.13865000e-3 4.55461000e-4 0 -1.000000e0
2.830000e1 3.43489523e-1 6.03132355e0 0.00000000e0 3.99473114e-1 4.75700217e-4 2.37520623e-4 5.26820159e-3 4.36512213e-4 3.70889035e-4 1.13865000e-3 4.55461000e-4 0 -1.000000e0
2.840000e1 3.43490027e-1 6.03134449e0 0.00000000e0 3.99471279e-1 4.76324067e-4 2.37862341e-4 5.27560778e-3 4.36512200e-4 3.71393410e-4 1.13865000e-3 4.55461000e-4 0 -1.000000e0
2.850000e1 3.43490516e-1 6.03136481e0 0.00000000e0 3.99469445e-1 4.76944204e-4 2.38202021e-4 5.28296922e-3 4.36512187e-4 3.71894867e-4 1.13865000e-3 4.55461000e-4 0 -1.000000e0
2.860000e1 3.43490991e-1 6.03138453e0 0.00000000e0 3.99467611e-1 4.77560648e-4 2.38539673e-4 5.29028617e-3 4.36512175e-4 3.72393418e-4 1.13865000e-3 4.55461000e-4 0 -1.000000e0
2.870000e1 3.43491451e-1 6.03140366e0 0.00000000e0 3.99465777e-1 4.78173418e-4 2.38875309e-4 5.29755889e-3 4.36512164e-4 3.72889080e-4 1.13865000e-3 4.55461000e-4 0 -1.000000e0
2.880000e1 3.43491898e-1 6.03142222e0 0.00000000e0 3.99463943e-1 4.78782533e-4 2.39208940e-4 5.30478764e-3 4.36512152e-4 3.73381867e-4 1.13865000e-3 4.55461000e-4 0 -1.000000e0
2.890000e1 3.43492330e-1 6.03144023e0 0.00000000e0 3.99462109e-1 4.79388013e-4 2.39540577e-4 5.31197267e-3 4.36512142e-4 3.73871793e-4 1.13865000e-3 4.55461000e-4 0 -1.000000e0
2.900000e1 3.43492750e-1 6.03145771e0 0.00000000e0 3.99460276e-1 4.79989877e-4 2.39870233e-4 5.31911424e-3 4.36512132e-4 3.74358873e-4 1.13865000e-3 4.55461000e-4 0 -1.000000e0
2.910000e1 3.43493157e-1 6.03147467e0 0.00000000e0 3.99458442e-1 4.80588145e-4 2.40197917e-4 5.32621260e-3 4.36512122e-4 3.74843122e-4 1.13865000e-3 4.55461000e-4 0 -1.000000e0
2.920000e1 3.43493552e-1 6.03149112e0 0.00000000e0 3.99456609e-1 4.81182835e-4 2.40523641e-4 5.33326801e-3 4.36512113e-4 3.75324554e-4 1.13865000e-3 4.55461000e-4 0 -1.000000e0
2.930000e1 3.43493935e-1 6.03150709e0 0.00000000e0 3.99454777e-1 4.81773967e-4 2.40847417e-4 5.34028072e-3 4.36512105e-4 3.75803184e-4 1.13865000e-3 4.55461000e-4 0 -1.000000e0
2.940000e1 3.43494306e-1 6.03152258e0 0.00000000e0 3.99452944e-1 4.82361560e-4 2.41169254e-4 5.34725097e-3 4.36512097e-4 3.76279025e-4 1.13865000e-3 4.55461000e-4 0 -1.000000e0
2.950000e1 3.43494667e-1 6.03153761e0 0.00000000e0 3.99451112e-1 4.82945632e-4 2.41489165e-4 5.35417901e-3 4.36512089e-4 3.76752093e-4 1.13865000e-3 4.55461000e-4 0 -1.000000e0
2.960000e1 3.43495016e-1 6.03155220e0 0.00000000e0 3.99449279e-1 4.83526204e-4 2.41807160e-4 5.36106509e-3 4.36512082e-4 3.77222402e-4 1.13865000e-3 4.55461000e-4 0 -1.000000e0
2.970000e1 3.43495355e-1 6.03156635e0 0.00000000e0 3.99447447e-1 4.84103294e-4 2.42123249e-4 5.36790946e-3 4.36512076e-4 3.77689965e-4 1.13865000e-3 4.55461000e-4 0 -1.000000e0
2.980000e1 3.43495683e-1 6.03158008e0 0.00000000e0 3.99445616e-1 4.84676920e-4 2.42437444e-4 5.37471236e-3 4.36512070e-4 3.78154798e-4 1.13865000e-3 4.55461000e-4 0 -1.000000e0
2.990000e1 3.43496002e-1 6.03159340e0 0.00000000e0 3.99443784e-1 4.85247103e-4 2.42749755e-4 5.38147403e-3 4.36512064e-4 3.78616914e-4 1.13865000e-3 4.55461000e-4 0 -1.000000e0
3.000000e1 3.43496311e-1 6.03160633e0 0.00000000e0 3.99441953e-1 4.85813860e-4 2.43060193e-4 5.38819471e-3 4.36512059e-4 3.79076327e-4 1.13865000e-3 4.55461000e-4 0 -1.000000e0
3.010000e1 3.43496611e-1 6.03161887e0 0.00000000e0 3.99440122e-1 4.86377211e-4 2.43368769e-4 5.39487465e-3 4.36512055e-4 3.79533051e-4 1.13865000e-3 4.55461000e-4 0 -1.000000e0
3.020000e1 3.43496902e-1 6.03163104e0 0.00000000e0 3.99438291e-1 4.86937173e-4 2.43675493e-4 5.40151407e-3 4.36512051e-4 3.79987101e-4 1.13865000e-3 4.55461000e-4 0 -1.000000e0
3.030000e1 3.43497184e-1 6.03164284e0 0.00000000e0 3.99436460e-1 4.87493767e-4 2.43980376e-4 5.40811323e-3 4.36512047e-4 3.80438490e-4 1.13865000e-3 4.55461000e-4 0 -1.000000e0
3.040000e1 3.43497457e-1 6.03165430e0 0.00000000e0 3.99434629e-1 4.88047010e-4 2.44283428e-4 5.41467236e-3 4.36512044e-4 3.80887232e-4 1.13865000e-3 4.55461000e-4 0 -1.000000e0
3.050000e1 3.43497723e-1 6.03166541e0 0.00000000e0 3.99432799e-1 4.88596922e-4 2.44584659e-4 5.42119169e-3 4.36512042e-4 3.81333341e-4 1.13865000e-3 4.55461000e-4 0 -1.000000e0
3.060000e1 3.43497980e-1 6.03167620e0 0.00000000e0 3.99430969e-1 4.89143519e-4 2.44884081e-4 5.42767145e-3 4.36512040e-4 3.81776831e-4 1.13865000e-3 4.55461000e-4 0 -1.000000e0
3.070000e1 3.43498229e-1 6.03168666e0 0.00000000e0 3.99429139e-1 4.89686822e-4 2.45181703e-4 5.43411188e-3 4.36512038e-4 3.82217715e-4 1.13865000e-3 4.55461000e-4 0 -1.000000e0
3.080000e1 3.43498471e-1 6.03169681e0 0.00000000e0 3.99427309e-1 4.90226849e-4 2.45477535e-4 5.44051321e-3 4.36512037e-4 3.82656008e-4 1.13865000e-3 4.55461000e-4 0 -1.000000e0
3.090000e1 3.43498706e-1 6.03170665e0 0.00000000e0 3.99425480e-1 4.90763617e-4 2.45771588e-4 5.44687566e-3 4.36512036e-4 3.83091723e-4 1.13865000e-3 4.55461000e-4 0 -1.000000e0
3.100000e1 3.43498934e-1 6.03171621e0 0.00000000e0 3.99423651e-1 4.91297145e-4 2.46063872e-4 5.45319948e-3 4.36512036e-4 3.83524873e-4 1.13865000e-3 4.55461000e-4 0 -1.000000e0
3.110000e1 3.43499155e-1 6.03172548e0 0.00000000e0 3.99421822e-1 4.91827451e-4 2.46354397e-4 5.45948488e-3 4.36512036e-4 3.83955472e-4 1.13865000e-3 4.55461000e-4 0 -1.000000e0
3.120000e1 3.43499369e-1 6.03173447e0 0.00000000e0 3.99419993e-1 4.92354553e-4 2.46643172e-4 5.46573209e-3 4.36512037e-4 3.84383534e-4 1.13865000e-3 4.55461000e-4 0 -1.000000e0
3.130000e1 3.43499577e-1 6.03174319e0 0.00000000e0 3.99418164e-1 4.92878470e-4 2.46930209e-4 5.47194134e-3 4.36512039e-4 3.84809072e-4 1.13865000e-3 4.55461000e-4 0 -1.000000e0
3.140000e1 3.43499778e-1 6.03175166e0 0.00000000e0 3.99416336e-1 4.93399219e-4 2.47215518e-4 5.47811285e-3 4.36512040e-4 3.85232099e-4 1.13865000e-3 4.55461000e-4 0 -1.000000e0
3.150000e1 3.43499974e-1 6.03175987e0 0.00000000e0 3.99414507e-1 4.93916818e-4 2.47499106e-4 5.48424684e-3 4.36512043e-4 3.85652629e-4 1.13865000e-3 4.55461000e-4 0 -1.000000e0
3.160000e1 3.43500163e-1 6.03176783e0 0.00000000e0 3.99412679e-1 4.94431286e-4 2.47780986e-4 5.49034353e-3 4.36512045e-4 3.86070676e-4 1.13865000e-3 4.55461000e-4 0 -1.000000e0
3.170000e1 3.43500347e-1 6.03177556e0 0.00000000e0 3.99410851e-1 4.94942639e-4 2.48061167e-4 5.49640315e-3 4.36512048e-4 3.86486251e-4 1.13865000e-3 4.55461000e-4 0 -1.000000e0
3.180000e1 3.43500525e-1 6.03178305e0 0.00000000e0 3.99409024e-1 4.95450896e-4 2.48339657e-4 5.50242592e-3 4.36512052e-4 3.86899369e-4 1.13865000e-3 4.55461000e-4 0 -1.000000e0
3.190000e1 3.43500698e-1 6.03179033e0 0.00000000e0 3.99407196e-1 4.95956074e-4 2.48616468e-4 5.50841204e-3 4.36512056e-4 3.87310043e-4 1.13865000e-3 4.55461000e-4 0 -1.000000e0
3.200000e1 3.43500866e-1 6.03179738e0 0.00000000e0 3.99405369e-1 4.96458191e-4 2.48891609e-4 5.51436174e-3 4.36512061e-4 3.87718285e-4 1.13865000e-3 4.55461000e-4 0 -1.000000e0
3.210000e1 3.43501029e-1 6.03180422e0 0.00000000e0 3.99403542e-1 4.96957264e-4 2.49165089e-4 5.52027524e-3 4.36512065e-4 3.88124110e-4 1.13865000e-3 4.55461000e-4 0 -1.000000e0
3.220000e1 3.43501187e-1 6.03181086e0 0.00000000e0 3.99401716e-1 4.97453311e-4 2.49436917e-4 5.52615274e-3 4.36512071e-4 3.88527529e-4 1.13865000e-3 4.55461000e-4 0 -1.000000e0
3.230000e1 3.43501340e-1 6.03181730e0 0.00000000e0 3.99399889e-1 4.97946349e-4 2.49707104e-4 5.53199447e-3 4.36512077e-4 3.88928556e-4 1.13865000e-3 4.55461000e-4 0 -1.000000e0
3.240000e1 3.43501488e-1 6.03182355e0 0.00000000e0 3.99398063e-1 4.98436395e-4 2.49975660e-4 5.53780062e-3 4.36512083e-4 3.89327204e-4 1.13865000e-3 4.55461000e-4 0 -1.000000e0
3.250000e1 3.43501632e-1 6.03182960e0 0.00000000e0 3.99396236e-1 4.98923467e-4 2.50242592e-4 5.54357142e-3 4.36512090e-4 3.89723486e-4 1.13865000e-3 4.55461000e-4 0 -1.000000e0
3.260000e1 3.43501772e-1 6.03183548e0 0.00000000e0 3.99394411e-1 4.99407582e-4 2.50507911e-4 5.54930707e-3 4.36512097e-4 3.90117414e-4 1.13865000e-3 4.55461000e-4 0 -1.000000e0
3.270000e1 3.43501907e-1 6.03184118e0 0.00000000e0 3.99392585e-1 4.99888756e-4 2.50771626e-4 5.55500778e-3 4.36512104e-4 3.90509001e-4 1.13865000e-3 4.55461000e-4 0 -1.000000e0
3.280000e1 3.43502039e-1 6.03184671e0 0.00000000e0 3.99390759e-1 5.00367007e-4 2.51033746e-4 5.56067376e-3 4.36512112e-4 3.90898260e-4 1.13865000e-3 4.55461000e-4 0 -1.000000e0
3.290000e1 3.43502166e-1 6.03185207e0 0.00000000e0 3.99388934e-1 5.00842351e-4 2.51294281e-4 5.56630521e-3 4.36512121e-4 3.91285203e-4 1.13865000e-3 4.55461000e-4 0 -1.000000e0
3.300000e1 3.43502290e-1 6.03185727e0 0.00000000e0 3.99387109e-1 5.01314806e-4 2.51553240e-4 5.57190235e-3 4.36512130e-4 3.91669844e-4 1.13865000e-3 4.55461000e-4 0 -1.000000e0
3.310000e1 3.43502410e-1 6.03186232e0 0.00000000e0 3.99385284e-1 5.01784388e-4 2.51810631e-4 5.57746536e-3 4.36512139e-4 3.92052195e-4 1.13865000e-3 4.55461000e-4 0 -1.000000e0
3.320000e1 3.43502526e-1 6.03186721e0 0.00000000e0 3.99383459e-1 5.02251114e-4 2.52066464e-4 5.58299446e-3 4.36512149e-4 3.92432267e-4 1.13865000e-3 4.55461000e-4 0 -1.000000e0
3.330000e1 3.43502639e-1 6.03187196e0 0.00000000e0 3.99381635e-1 5.02715000e-4 2.52320749e-4 5.58848985e-3 4.36512159e-4 3.92810075e-4 1.13865000e-3 4.55461000e-4 0 -1.000000e0
3.340000e1 3.43502748e-1 6.03187656e0 0.00000000e0 3.99379811e-1 5.03176063e-4 2.52573493e-4 5.59395172e-3 4.36512170e-4 3.93185629e-4 1.13865000e-3 4.55461000e-4 0 -1.000000e0
3.350000e1 3.43502854e-1 6.03188102e0 0.00000000e0 3.99377986e-1 5.03634320e-4 2.52824706e-4 5.59938028e-3 4.36512180e-4 3.93558943e-4 1.13865000e-3 4.55461000e-4 0 -1.000000e0
3.360000e1 3.43502957e-1 6.03188535e0 0.00000000e0 3.99376163e-1 5.04089786e-4 2.53074397e-4 5.60477573e-3 4.36512192e-4 3.93930029e-4 1.13865000e-3 4.55461000e-4 0 -1.000000e0
3.370000e1 3.43503057e-1 6.03188955e0 0.00000000e0 3.99374339e-1 5.04542479e-4 2.53322574e-4 5.61013826e-3 4.36512204e-4 3.94298899e-4 1.13865000e-3 4.55461000e-4 0 -1.000000e0
3.380000e1 3.43503154e-1 6.03189362e0 0.00000000e0 3.99372516e-1 5.04992414e-4 2.53569247e-4 5.61546806e-3 4.36512216e-4 3.94665564e-4 1.13865000e-3 4.55461000e-4 0 -1.000000e0
3.390000e1 3.43503248e-1 6.03189757e0 0.00000000e0 3.99370692e-1 5.05439607e-4 2.53814424e-4 5.62076534e-3 4.36512229e-4 3.95030039e-4 1.13865000e-3 4.55461000e-4 0 -1.000000e0
3.400000e1 3.43503339e-1 6.03190140e0 0.00000000e0 3.99368869e-1 5.05884074e-4 2.54058115e-4 5.62603029e-3 4.36512242e-4 3.95392334e-4 1.13865000e-3 4.55461000e-4 0 -1.000000e0
3.410000e1 3.43503427e-1 6.03190511e0 0.00000000e0 3.99367046e-1 5.06325832e-4 2.54300326e-4 5.63126309e-3 4.36512255e-4 3.95752461e-4 1.13865000e-3 4.55461000e-4 0 -1.000000e0
3.420000e1 3.43503513e-1 6.03190871e0 0.00000000e0 3.99365224e-1 5.06764896e-4 2.54541068e-4 5.63646395e-3 4.36512269e-4 3.96110433e-4 1.13865000e-3 4.55461000e-4 0 -1.000000e0
3.430000e1 3.43503596e-1 6.03191220e0 0.00000000e0 3.99363401e-1 5.07201283e-4 2.54780349e-4 5.64163305e-3 4.36512283e-4 3.96466262e-4 1.13865000e-3 4.55461000e-4 0 -1.000000e0
3.440000e1 3.43503677e-1 6.03191559e0 0.00000000e0 3.99361579e-1 5.07635007e-4 2.55018178e-4 5.64677058e-3 4.36512298e-4 3.96819959e-4 1.13865000e-3 4.55461000e-4 0 -1.000000e0
3.450000e1 3.43503755e-1 6.03191887e0 0.00000000e0 3.99359757e-1 5.08066084e-4 2.55254562e-4 5.65187672e-3 4.36512313e-4 3.97171536e-4 1.13865000e-3 4.55461000e-4 0 -1.000000e0
3.460000e1 3.43503831e-1 6.03192205e0 0.00000000e0 3.99357936e-1 5.08494531e-4 2.55489510e-4 5.65695168e-3 4.36512328e-4 3.97521006e-4 1.13865000e-3 4.55461000e-4 0 -1.000000e0
3.470000e1 3.43503904e-1 6.03192514e0 0.00000000e0 3.99356114e-1 5.08920363e-4 2.55723031e-4 5.66199563e-3 4.36512344e-4 3.97868379e-4 1.13865000e-3 4.55461000e-4 0 -1.000000e0
3.480000e1 3.43503976e-1 6.03192813e0 0.00000000e0 3.99354293e-1 5.09343594e-4 2.55955134e-4 5.66700876e-3 4.36512360e-4 3.98213668e-4 1.13865000e-3 4.55461000e-4 0 -1.000000e0
3.490000e1 3.43504045e-1 6.03193103e0 0.00000000e0 3.99352472e-1 5.09764241e-4 2.56185825e-4 5.67199124e-3 4.36512377e-4 3.98556884e-4 1.13865000e-3 4.55461000e-4 0 -1.000000e0
3.500000e1 3.43504112e-1 6.03193384e0 0.00000000e0 3.99350651e-1 5.10182318e-4 2.56415115e-4 5.67694328e-3 4.36512393e-4 3.98898039e-4 1.13865000e-3 4.55461000e-4 0 -1.000000e0
3.510000e1 3.43504177e-1 6.03193656e0 0.00000000e0 3.99348830e-1 5.10597841e-4 2.56643010e-4 5.68186504e-3 4.36512411e-4 3.99237144e-4 1.13865000e-3 4.55461000e-4 0 -1.000000e0
3.520000e1 3.43504240e-1 6.03193920e0 0.00000000e0 3.99347009e-1 5.11010826e-4 2.56869519e-4 5.68675672e-3 4.36512428e-4 3.99574212e-4 1.13865000e-3 4.55461000e-4 0 -1.000000e0
3.530000e1 3.43504302e-1 6.03194177e0 0.00000000e0 3.99345189e-1 5.11421286e-4 2.57094651e-4 5.69161848e-3 4.36512447e-4 3.99909252e-4 1.13865000e-3 4.55461000e-4 0 -1.000000e0
3.540000e1 3.43504361e-1 6.03194425e0 0.00000000e0 3.99343369e-1 5.11829237e-4 2.57318413e-4 5.69645051e-3 4.36512465e-4 4.00242278e-4 1.13865000e-3 4.55461000e-4 0 -1.000000e0
3.540645e1 3.43504365e-1 6.03194441e0 0.00000000e0 3.99343240e-1 5.11866807e-4 2.57332800e-4 5.69676118e-3 4.36512466e-4 4.00263824e-4 2.27730000e-3 4.55461000e-4 1 2.500000e-5
3.550643e1 3.43504383e-1 6.03194522e0 0.00000000e0 4.39040820e-1 5.22710989e-4 2.59315954e-4 5.73849676e-3 3.77747335e-1 4.15338481e-4 2.27730000e-3 4.55461000e-1 1 1.000000e-1
3.560643e1 3.43504412e-1 6.03194566e0 0.00000000e0 4.75507612e-1 5.33866305e-4 2.61393793e-4 5.78753406e-3 3.55334453e-1 4.22439742e-4 2.27730000e-3 4.55461000e-1 1 2.000000e-1
3.570643e1 3.43504441e-1 6.03194581e0 0.00000000e0 5.10105293e-1 5.46683120e-4 2.63512711e-4 5.84232201e-3 3.39590989e-1 4.28054188e-4 2.27730000e-3 4.55461000e-1 1 3.000000e-1
3.580643e1 3.43504468e-1 6.03194567e0 0.00000000e0 5.43303388e-1 5.60867679e-4 2.65693959e-4 5.90287424e-3 3.27194115e-1 4.32883913e-4 2.27730000e-3 4.55461000e-1 1 4.000000e-1
3.590643e1 3.43504493e-1 6.03194526e0 0.00000000e0 5.75365602e-1 5.76234497e-4 2.67950467e-4 5.96913969e-3 3.16881014e-1 4.37210183e-4 2.27730000e-3 4.55461000e-1 1 5.000000e-1
3.600643e1 3.43504516e-1 6.03194459e0 0.00000000e0 6.06465534e-1 5.92646584e-4 2.70291022e-4 6.04105117e-3 3.08013820e-1 4.41179520e-4 2.27730000e-3 4.55461000e-1 1 6.000000e-1
3.610643e1 3.43504537e-1 6.03194366e0 0.00000000e0 6.36727805e-1 6.09997316e-4 2.72722239e-4 6.11853542e-3 3.00218741e-1 4.44879415e-4 2.27730000e-3 4.55461000e-1 1 7.000000e-1
3.620643e1 3.43504556e-1 6.03194249e0 0.00000000e0 6.66246976e-1 6.28200858e-4 2.75249483e-4 6.20151729e-3 2.93255312e-1 4.48366939e-4 2.27730000e-3 4.55461000e-1 1 8.000000e-1
3.630643e1 3.43504573e-1 6.03194107e0 0.00000000e0 6.95097641e-1 6.47186363e-4 2.77877321e-4 6.28992179e-3 2.86958509e-1 4.51681725e-4 2.27730000e-3 4.55461000e-1 1 9.000000e-1
3.640643e1 3.43504588e-1 6.03193941e0 0.00000000e0 7.23340364e-1 6.66894212e-4 2.80609777e-4 6.38367514e-3 2.81209568e-1 4.54852625e-4 2.27730000e-3 4.55461000e-1 1 1.000000e0
3.650643e1 3.43504602e-1 6.03193753e0 0.00000000e0 7.51025429e-1 6.87273451e-4 2.83450484e-4 6.48270537e-3 2.75919833e-1 4.57901411e-4 2.27730000e-3 4.55461000e-1 1 1.100000e0
3.660643e1 3.43504614e-1 6.03193542e0 0.00000000e0 7.78195328e-1 7.08279981e-4 2.86402777e-4 6.58694254e-3 2.71021173e-1 4.60845003e-4 2.27730000e-3 4.55461000e-1 1 1.200000e0
3.670643e1 3.43504624e-1 6.03193310e0 0.00000000e0 8.04886500e-1 7.29875228e-4 2.89469759e-4 6.69631889e-3 2.66459979e-1 4.63696859e-4 2.27730000e-3 4.55461000e-1 1 1.300000e0
3.680643e1 3.43504633e-1 6.03193056e0 0.00000000e0 8.31130570e-1 7.52025146e-4 2.92654354e-4 6.81076879e-3 2.62193235e-1 4.66467903e-4 2.27730000e-3 4.55461000e-1 1 1.400000e0
3.690643e1 3.43504641e-1 6.03192782e0 0.00000000e0 8.56955270e-1 7.74699458e-4 2.95959332e-4 6.93022880e-3 2.58185844e-1 4.69167155e-4 2.27730000e-3 4.55461000e-1 1 1.500000e0
3.700643e1 3.43504647e-1 6.03192487e0 0.00000000e0 8.82385132e-1 7.97871052e-4 2.99387340e-4 7.05463749e-3 2.54408769e-1 4.71802184e-4 2.27730000e-3 4.55461000e-1 1 1.600000e0
3.710643e1 3.43504653e-1 6.03192173e0 0.00000000e0 9.07442023e-1 8.21515510e-4 3.02940922e-4 7.18393547e-3 2.50837681e-1 4.74379442e-4 2.27730000e-3 4.55461000e-1 1 1.700000e0
3.720643e1 3.43504657e-1 6.03191838e0 0.00000000e0 9.32145568e-1 8.45610723e-4 3.06622532e-4 7.31806521e-3 2.47451985e-1 4.76904527e-4 2.27730000e-3 4.55461000e-1 1 1.800000e0
3.730643e1 3.43504660e-1 6.03191485e0 0.00000000e0 9.56513481e-1 8.70136580e-4 3.10434546e-4 7.45697099e-3 2.44234074e-1 4.79382393e-4 2.27730000e-3 4.55461000e-1 1 1.900000e0
3.740643e1 3.43504662e-1 6.03191114e0 0.00000000e0 9.80561838e-1 8.95074705e-4 3.14379272e-4 7.60059881e-3 2.41168772e-1 4.81817534e-4 2.27730000e-3 4.55461000e-1 1 2.000000e0
3.750643e1 3.43504664e-1 6.03190724e0 0.00000000e0 1.00430530e0 9.20408247e-4 3.18458958e-4 7.74889624e-3 2.38242901e-1 4.84214138e-4 2.27730000e-3 4.55461000e-1 1 2.100000e0
3.760643e1 3.43504664e-1 6.03190315e0 0.00000000e0 1.02775728e0 9.46121697e-4 3.22675794e-4 7.90181238e-3 2.35444936e-1 4.86576231e-4 2.27730000e-3 4.55461000e-1 1 2.200000e0
3.770643e1 3.43504664e-1 6.03189890e0 0.00000000e0 1.05093013e0 9.72200732e-4 3.27031917e-4 8.05929771e-3 2.32764739e-1 4.88907800e-4 2.27730000e-3 4.55461000e-1 1 2.300000e0
3.780643e1 3.43504663e-1 6.03189447e0 0.00000000e0 1.07383522e0 9.98632085e-4 3.31529413e-4 8.22130401e-3 2.30193340e-1 4.91212911e-4 2.27730000e-3 4.55461000e-1 1 2.400000e0
3.790643e1 3.43504661e-1 6.03188986e0 0.00000000e0 1.09648309e0 1.02540343e-3 3.36170317e-4 8.38778424e-3 2.27722765e-1 4.93495805e-4 2.27730000e-3 4.55461000e-1 1 2.500000e0
3.800643e1 3.43504658e-1 6.03188509e0 0.00000000e0 1.11888351e0 1.05250328e-3 3.40956612e-4 8.55869245e-3 2.25345888e-1 4.95760983e-4 2.27730000e-3 4.55461000e-1 1 2.600000e0
3.810643e1 3.43504654e-1 6.03188015e0 0.00000000e0 1.14104559e0 1.07992092e-3 3.45890229e-4 8.73398366e-3 2.23056318e-1 4.98013274e-4 2.27730000e-3 4.55461000e-1 1 2.700000e0
3.820643e1 3.43504650e-1 6.03187505e0 0.00000000e0 1.16297781e0 1.10764629e-3 3.50973043e-4 8.91361379e-3 2.20848297e-1 5.00257893e-4 2.27730000e-3 4.55461000e-1 1 2.800000e0
3.830643e1 3.43504645e-1 6.03186979e0 0.00000000e0 1.18468812e0 1.13566997e-3 3.56206869e-4 9.09753949e-3 2.18716619e-1 5.02500477e-4 2.27730000e-3 4.55461000e-1 1 2.900000e0
3.840643e1 3.43504640e-1 6.03186437e0 0.00000000e0 1.20618396e0 1.16398308e-3 3.61593460e-4 9.28571812e-3 2.16656560e-1 5.04747107e-4 2.27730000e-3 4.55461000e-1 1 3.000000e0
3.850643e1 3.43504633e-1 6.03185879e0 0.00000000e0 1.22747232e0 1.19257724e-3 3.67134503e-4 9.47810761e-3 2.14663824e-1 5.07004322e-4 2.27730000e-3 4.55461000e-1 1 3.100000e0
3.860643e1 3.43504626e-1 6.03185306e0 0.00000000e0 1.24855978e0 1.22144454e-3 3.72831612e-4 9.67466635e-3 2.12734487e-1 5.09279116e-4 2.27730000e-3 4.55461000e-1 1 3.200000e0
3.870643e1 3.43504618e-1 6.03184717e0 0.00000000e0 1.26945256e0 1.25057748e-3 3.78686330e-4 9.87535315e-3 2.10864958e-1 5.11578918e-4 2.27730000e-3 4.55461000e-1 1 3.300000e0
3.880643e1 3.43504609e-1 6.03184113e0 0.00000000e0 1.29015649e0 1.27996891e-3 3.84700116e-4 1.00801271e-2 2.09051941e-1 5.13911579e-4 2.27730000e-3 4.55461000e-1 1 3.400000e0
3.890643e1 3.43504599e-1 6.03183495e0 0.00000000e0 1.31067712e0 1.30961207e-3 3.90874347e-4 1.02889476e-2 2.07292405e-1 5.16285332e-4 2.27730000e-3 4.55461000e-1 1 3.500000e0
3.900643e1 3.43504589e-1 6.03182861e0 0.00000000e0 1.33101971e0 1.33950046e-3 3.97210313e-4 1.05017741e-2 2.05583552e-1 5.18708754e-4 2.27730000e-3 4.55461000e-1 1 3.600000e0
3.910643e1 3.43504577e-1 6.03182213e0 0.00000000e0 1.35118923e0 1.36962791e-3 4.03709214e-4 1.07185663e-2 2.03922800e-1 5.21190731e-4 2.27730000e-3 4.55461000e-1 1 3.700000e0
3.920643e1 3.43504565e-1 6.03181550e0 0.00000000e0 1.37119039e0 1.39998847e-3 4.10372152e-4 1.09392838e-2 2.02307755e-1 5.23740403e-4 2.27730000e-3 4.55461000e-1 1 3.800000e0
3.930643e1 3.43504552e-1 6.03180873e0 0.00000000e0 1.39102772e0 1.43057645e-3 4.17200134e-4 1.11638861e-2 2.00736198e-1 5.26367118e-4 2.27730000e-3 4.55461000e-1 1 3.900000e0
3.940643e1 3.43504537e-1 6.03180181e0 0.00000000e0 1.41070547e0 1.46138637e-3 4.24194068e-4 1.13923330e-2 1.99206063e-1 5.29080385e-4 2.27730000e-3 4.55461000e-1 1 4.000000e0
3.950643e1 3.43504522e-1 6.03179476e0 0.00000000e0 1.43022774e0 1.49241295e-3 4.31354759e-4 1.16245838e-2 1.97715430e-1 5.31889822e-4 2.27730000e-3 4.55461000e-1 1 4.100000e0
3.960643e1 3.43504506e-1 6.03178756e0 0.00000000e0 1.44959841e0 1.52365109e-3 4.38682909e-4 1.18605980e-2 1.96262504e-1 5.34805106e-4 2.27730000e-3 4.55461000e-1 1 4.200000e0
3.970643e1 3.43504489e-1 6.03178023e0 0.00000000e0 1.46882122e0 1.55509586e-3 4.46179115e-4 1.21003346e-2 1.94845611e-1 5.37835928e-4 2.27730000e-3 4.55461000e-1 1 4.300000e0
3.980643e1 3.43504470e-1 6.03177276e0 0.00000000e0 1.48789971e0 1.58674249e-3 4.53843871e-4 1.23437526e-2 1.93463183e-1 5.40991945e-4 2.27730000e-3 4.55461000e-1 1 4.400000e0
3.990643e1 3.43504451e-1 6.03176516e0 0.00000000e0 1.50683728e0 1.61858633e-3 4.61677564e-4 1.25908109e-2 1.92113752e-1 5.44282743e-4 2.27730000e-3 4.55461000e-1 1 4.500000e0
4.000643e1 3.43504430e-1 6.03175742e0 0.00000000e0 1.52563722e0 1.65062289e-3 4.69680477e-4 1.28414679e-2 1.90795939e-1 5.47717788e-4 2.27730000e-3 4.55461000e-1 1 4.600000e0
4.010643e1 3.43504409e-1 6.03174956e0 0.00000000e0 1.54430263e0 1.68284776e-3 4.77852789e-4 1.30956821e-2 1.89508449e-1 5.51306396e-4 2.27730000e-3 4.55461000e-1 1 4.700000e0
4.020643e1 3.43504386e-1 6.03174156e0 0.00000000e0 1.56283652e0 1.71525670e-3 4.86194576e-4 1.33534114e-2 1.88250064e-1 5.55057700e-4 2.27730000e-3 4.55461000e-1 1 4.800000e0
4.030643e1 3.43504362e-1 6.03173343e0 0.00000000e0 1.58124177e0 1.74784551e-3 4.94705810e-4 1.36146138e-2 1.87019635e-1 5.58980612e-4 2.27730000e-3 4.55461000e-1 1 4.900000e0
4.040643e1 3.43504337e-1 6.03172518e0 0.00000000e0 1.59952116e0 1.78061014e-3 5.03386365e-4 1.38792468e-2 1.85816081e-1 5.63083803e-4 2.27730000e-3 4.55461000e-1 1 5.000000e0
4.050643e1 3.43504310e-1 6.03171679e0 0.00000000e0 1.61767734e0 1.81354660e-3 5.12236014e-4 1.41472680e-2 1.84638379e-1 5.67375679e-4 2.27730000e-3 4.55461000e-1 1 5.100000e0
4.060643e1 3.43504283e-1 6.03170829e0 0.00000000e0 1.63571288e0 1.84665100e-3 5.21254437e-4 1.44186344e-2 1.83485563e-1 5.71864354e-4 2.27730000e-3 4.55461000e-1 1 5.200000e0
4.070643e1 3.43504254e-1 6.03169966e0 0.00000000e0 1.65363026e0 1.87991950e-3 5.30441218e-4 1.46933030e-2 1.82356721e-1 5.76557639e-4 2.27730000e-3 4.55461000e-1 1 5.300000e0
4.080643e1 3.43504224e-1 6.03169091e0 0.00000000e0 1.67143185e0 1.91334838e-3 5.39795848e-4 1.49712306e-2 1.81250986e-1 5.81463022e-4 2.27730000e-3 4.55461000e-1 1 5.400000e0
4.090643e1 3.43504193e-1 6.03168204e0 0.00000000e0 1.68911994e0 1.94693395e-3 5.49317732e-4 1.52523739e-2 1.80167537e-1 5.86587659e-4 2.27730000e-3 4.55461000e-1 1 5.500000e0
4.100643e1 3.43504160e-1 6.03167305e0 0.00000000e0 1.70669675e0 1.98067261e-3 5.59006188e-4 1.55366891e-2 1.79105598e-1 5.91938364e-4 2.27730000e-3 4.55461000e-1 1 5.600000e0
4.110643e1 3.43504126e-1 6.03166394e0 0.00000000e0 1.72416443e0 2.01456081e-3 5.68860451e-4 1.58241327e-2 1.78064427e-1 5.97521600e-4 2.27730000e-3 4.55461000e-1 1 5.700000e0
4.120643e1 3.43504091e-1 6.03165472e0 0.00000000e0 1.74152503e0 2.04859506e-3 5.78879675e-4 1.61146607e-2 1.77043323e-1 6.03343475e-4 2.27730000e-3 4.55461000e-1 1 5.800000e0
4.130643e1 3.43504054e-1 6.03164538e0 0.00000000e0 1.75878055e0 2.08277195e-3 5.89062940e-4 1.64082292e-2 1.76041617e-1 6.09409738e-4 2.27730000e-3 4.55461000e-1 1 5.900000e0
4.140643e1 3.43504016e-1 6.03163593e0 0.00000000e0 1.77593293e0 2.11708808e-3 5.99409249e-4 1.67047942e-2 1.75058673e-1 6.15725781e-4 2.27730000e-3 4.55461000e-1 1 6.000000e0
4.150643e1 3.43503977e-1 6.03162637e0 0.00000000e0 1.79298403e0 2.15154015e-3 6.09917538e-4 1.70043115e-2 1.74093884e-1 6.22296634e-4 2.27730000e-3 4.55461000e-1 1 6.100000e0
4.160643e1 3.43503937e-1 6.03161670e0 0.00000000e0 1.80993567e0 2.18612487e-3 6.20586672e-4 1.73067370e-2 1.73146672e-1 6.29126972e-4 2.27730000e-3 4.55461000e-1 1 6.200000e0
4.170643e1 3.43503895e-1 6.03160693e0 0.00000000e0 1.82678959e0 2.22083903e-3 6.31415456e-4 1.76120264e-2 1.72216485e-1 6.36221114e-4 2.27730000e-3 4.55461000e-1 1 6.300000e0
4.180643e1 3.43503852e-1 6.03159704e0 0.00000000e0 1.84354749e0 2.25567945e-3 6.42402631e-4 1.79201356e-2 1.71302796e-1 6.43583030e-4 2.27730000e-3 4.55461000e-1 1 6.400000e0
4.190643e1 3.43503808e-1 6.03158706e0 0.00000000e0 1.86021102e0 2.29064300e-3 6.53546883e-4 1.82310203e-2 1.70405102e-1 6.51216346e-4 2.27730000e-3 4.55461000e-1 1 6.500000e0
4.200643e1 3.43503763e-1 6.03157697e0 0.00000000e0 1.87678178e0 2.32572659e-3 6.64846841e-4 1.85446365e-2 1.69522922e-1 6.59124352e-4 2.27730000e-3 4.55461000e-1 1 6.600000e0
4.210643e1 3.43503716e-1 6.03156678e0 0.00000000e0 1.89326132e0 2.36092718e-3 6.76301085e-4 1.88609399e-2 1.68655794e-1 6.67310003e-4 2.27730000e-3 4.55461000e-1 1 6.700000e0
4.220643e1 3.43503668e-1 6.03155648e0 0.00000000e0 1.90965113e0 2.39624177e-3 6.87908146e-4 1.91798866e-2 1.67803279e-1 6.75775934e-4 2.27730000e-3 4.55461000e-1 1 6.800000e0
4.230643e1 3.43503619e-1 6.03154610e0 0.00000000e0 1.92595268e0 2.43166739e-3 6.99666509e-4 1.95014327e-2 1.66964952e-1 6.84524465e-4 2.27730000e-3 4.55461000e-1 1 6.900000e0
4.240643e1 3.43503568e-1 6.03153561e0 0.00000000e0 1.94216739e0 2.46720113e-3 7.11574618e-4 1.98255342e-2 1.66140410e-1 6.93557611e-4 2.27730000e-3 4.55461000e-1 1 7.000000e0
4.250643e1 3.43503516e-1 6.03152503e0 0.00000000e0 1.95829664e0 2.50284010e-3 7.23630877e-4 2.01521476e-2 1.65329264e-1 7.02877089e-4 2.27730000e-3 4.55461000e-1 1 7.100000e0
4.260643e1 3.43503463e-1 6.03151436e0 0.00000000e0 1.97434176e0 2.53858147e-3 7.35833653e-4 2.04812293e-2 1.64531141e-1 7.12484330e-4 2.27730000e-3 4.55461000e-1 1 7.200000e0
4.270643e1 3.43503409e-1 6.03150359e0 0.00000000e0 1.99030406e0 2.57442242e-3 7.48181280e-4 2.08127358e-2 1.63745684e-1 7.22380486e-4 2.27730000e-3 4.55461000e-1 1 7.300000e0
4.280643e1 3.43503354e-1 6.03149274e0 0.00000000e0 2.00618481e0 2.61036020e-3 7.60672060e-4 2.11466241e-2 1.62972548e-1 7.32566445e-4 2.27730000e-3 4.55461000e-1 1 7.400000e0
4.290643e1 3.43503297e-1 6.03148179e0 0.00000000e0 2.02198524e0 2.64639207e-3 7.73304268e-4 2.14828510e-2 1.62211403e-1 7.43042834e-4 2.27730000e-3 4.55461000e-1 1 7.500000e0
4.300643e1 3.43503239e-1 6.03147076e0 0.00000000e0 2.03770655e0 2.68251534e-3 7.86076152e-4 2.18213740e-2 1.61461931e-1 7.53810036e-4 2.27730000e-3 4.55461000e-1 1 7.600000e0
4.310643e1 3.43503180e-1 6.03145965e0 0.00000000e0 2.05334992e0 2.71872735e-3 7.98985934e-4 2.21621503e-2 1.60723827e-1 7.64868194e-4 2.27730000e-3 4.55461000e-1 1 7.700000e0
4.320643e1 3.43503120e-1 6.03144845e0 0.00000000e0 2.06891647e0 2.75502548e-3 8.12031818e-4 2.25051377e-2 1.59996796e-1 7.76217225e-4 2.27730000e-3 4.55461000e-1 1 7.800000e0
4.330643e1 3.43503059e-1 6.03143717e0 0.00000000e0 2.08440733e0 2.79140715e-3 8.25211988e-4 2.28502943e-2 1.59280554e-1 7.87856829e-4 2.27730000e-3 4.55461000e-1 1 7.900000e0
4.340643e1 3.43502996e-1 6.03142581e0 0.00000000e0 2.09982358e0 2.82786981e-3 8.38524610e-4 2.31975781e-2 1.58574829e-1 7.99786499e-4 2.27730000e-3 4.55461000e-1 1 8.000000e0
4.350643e1 3.43502933e-1 6.03141437e0 0.00000000e0 2.11516626e0 2.86441093e-3 8.51967835e-4 2.35469477e-2 1.57879357e-1 8.12005528e-4 2.27730000e-3 4.55461000e-1 1 8.100000e0
4.360643e1 3.43502868e-1 6.03140286e0 0.00000000e0 2.13043641e0 2.90102805e-3 8.65539801e-4 2.38983621e-2 1.57193884e-1 8.24513023e-4 2.27730000e-3 4.55461000e-1 1 8.200000e0
4.370643e1 3.43502803e-1 6.03139126e0 0.00000000e0 2.14563504e0 2.93771870e-3 8.79238638e-4 2.42517801e-2 1.56518166e-1 8.37307912e-4 2.27730000e-3 4.55461000e-1 1 8.300000e0
4.380643e1 3.43502736e-1 6.03137960e0 0.00000000e0 2.16076312e0 2.97448048e-3 8.93062462e-4 2.46071614e-2 1.55851965e-1 8.50388952e-4 2.27730000e-3 4.55461000e-1 1 8.400000e0
4.390643e1 3.43502669e-1 6.03136786e0 0.00000000e0 2.17582161e0 3.01131100e-3 9.07009384e-4 2.49644657e-2 1.55195055e-1 8.63754740e-4 2.27730000e-3 4.55461000e-1 1 8.500000e0
4.400643e1 3.43502600e-1 6.03135605e0 0.00000000e0 2.19081144e0 3.04820791e-3 9.21077511e-4 2.53236530e-2 1.54547213e-1 8.77403721e-4 2.27730000e-3 4.55461000e-1 1 8.600000e0
4.410643e1 3.43502530e-1 6.03134417e0 0.00000000e0 2.20573352e0 3.08516891e-3 9.35264941e-4 2.56846839e-2 1.53908227e-1 8.91334197e-4 2.27730000e-3 4.55461000e-1 1 8.700000e0
4.420643e1 3.43502460e-1 6.03133223e0 0.00000000e0 2.22058875e0 3.12219171e-3 9.49569773e-4 2.60475191e-2 1.53277891e-1 9.05544333e-4 2.27730000e-3 4.55461000e-1 1 8.800000e0
4.430643e1 3.43502388e-1 6.03132022e0 0.00000000e0 2.23537800e0 3.15927406e-3 9.63990104e-4 2.64121198e-2 1.52656005e-1 9.20032169e-4 2.27730000e-3 4.55461000e-1 1 8.900000e0
4.440643e1 3.43502315e-1 6.03130814e0 0.00000000e0 2.25010211e0 3.19641374e-3 9.78524030e-4 2.67784475e-2 1.52042378e-1 9.34795622e-4 2.27730000e-3 4.55461000e-1 1 9.000000e0
4.450643e1 3.43502242e-1 6.03129600e0 0.00000000e0 2.26476192e0 3.23360857e-3 9.93169649e-4 2.71464642e-2 1.51436822e-1 9.49832501e-4 2.27730000e-3 4.55461000e-1 1 9.100000e0
4.460643e1 3.43502168e-1 6.03128380e0 0.00000000e0 2.27935823e0 3.27085639e-3 1.00792506e-3 2.75161320e-2 1.50839156e-1 9.65140507e-4 2.27730000e-3 4.55461000e-1 1 9.200000e0
4.470643e1 3.43502092e-1 6.03127153e0 0.00000000e0 2.29389185e0 3.30815507e-3 1.02278837e-3 2.78874136e-2 1.50249207e-1 9.80717245e-4 2.27730000e-3 4.55461000e-1 1 9.300000e0
4.480643e1 3.43502016e-1 6.03125921e0 0.00000000e0 2.30836355e0 3.34550253e-3 1.03775769e-3 2.82602722e-2 1.49666803e-1 9.96560227e-4 2.27730000e-3 4.55461000e-1 1 9.400000e0
4.490643e1 3.43501939e-1 6.03124683e0 0.00000000e0 2.32277410e0 3.38289670e-3 1.05283114e-3 2.86346710e-2 1.49091782e-1 1.01266688e-3 2.27730000e-3 4.55461000e-1 1 9.500000e0
4.500643e1 3.43501862e-1 6.03123439e0 0.00000000e0 2.33712423e0 3.42033555e-3 1.06800682e-3 2.90105740e-2 1.48523984e-1 1.02903456e-3 2.27730000e-3 4.55461000e-1 1 9.600000e0
4.510643e1 3.43501783e-1 6.03122190e0 0.00000000e0 2.35141467e0 3.45781709e-3 1.08328288e-3 2.93879454e-2 1.47963255e-1 1.04566054e-3 2.27730000e-3 4.55461000e-1 1 9.700000e0
4.520643e1 3.43501704e-1 6.03120936e0 0.00000000e0 2.36564614e0 3.49533933e-3 1.09865746e-3 2.97667498e-2 1.47409443e-1 1.06254203e-3 2.27730000e-3 4.55461000e-1 1 9.800000e0
4.530643e1 3.43501623e-1 6.03119676e0 0.00000000e0 2.37981933e0 3.53290034e-3 1.11412869e-3 3.01469523e-2 1.46862406e-1 1.07967618e-3 2.27730000e-3 4.55461000e-1 1 9.900000e0
4.540643e1 3.43501542e-1 6.03118411e0 0.00000000e0 2.39393493e0 3.57049821e-3 1.12969475e-3 3.05285183e-2 1.46322000e-1 1.09706008e-3 2.27730000e-3 4.55461000e-1 1 1.000000e1
4.550643e1 3.43501461e-1 6.03117142e0 0.00000000e0 2.40799361e0 3.60813105e-3 1.14535379e-3 3.09114135e-2 1.45788090e-1 1.11469078e-3 2.27730000e-3 4.55461000e-1 1 1.010000e1
4.560643e1 3.43501378e-1 6.03115867e0 0.00000000e0 2.42199602e0 3.64579701e-3 1.16110401e-3 3.12956044e-2 1.45260541e-1 1.13256527e-3 2.27730000e-3 4.55461000e-1 1 1.020000e1
4.570643e1 3.43501295e-1 6.03114588e0 0.00000000e0 2.43594281e0 3.68349427e-3 1.17694358e-3 3.16810575e-2 1.44739226e-1 1.15068051e-3 2.27730000e-3 4.55461000e-1 1 1.030000e1
4.580643e1 3.43501211e-1 6.03113304e0 0.00000000e0 2.44983460e0 3.72122102e-3 1.19287073e-3 3.20677400e-2 1.44224017e-1 1.16903342e-3 2.27730000e-3 4.55461000e-1 1 1.040000e1
4.590643e1 3.43501127e-1 6.03112016e0 0.00000000e0 2.46367201e0 3.75897550e-3 1.20888366e-3 3.24556193e-2 1.43714794e-1 1.18762087e-3 2.27730000e-3 4.55461000e-1 1 1.050000e1
4.600643e1 3.43501042e-1 6.03110723e0 0.00000000e0 2.47745565e0 3.79675596e-3 1.22498062e-3 3.28446632e-2 1.43211436e-1 1.20643973e-3 2.27730000e-3 4.55461000e-1 1 1.060000e1
4.610643e1 3.43500956e-1 6.03109426e0 0.00000000e0 2.49118611e0 3.83456070e-3 1.24115984e-3 3.32348402e-2 1.42713830e-1 1.22548683e-3 2.27730000e-3 4.55461000e-1 1 1.070000e1
4.620643e1 3.43500869e-1 6.03108125e0 0.00000000e0 2.50486397e0 3.87238803e-3 1.25741960e-3 3.36261190e-2 1.42221861e-1 1.24475897e-3 2.27730000e-3 4.55461000e-1 1 1.080000e1
4.630643e1 3.43500782e-1 6.03106820e0 0.00000000e0 2.51848981e0 3.91023628e-3 1.27375817e-3 3.40184685e-2 1.41735421e-1 1.26425295e-3 2.27730000e-3 4.55461000e-1 1 1.090000e1
4.640643e1 3.43500695e-1 6.03105511e0 0.00000000e0 2.53206417e0 3.94810382e-3 1.29017384e-3 3.44118585e-2 1.41254404e-1 1.28396554e-3 2.27730000e-3 4.55461000e-1 1 1.100000e1
4.650643e1 3.43500606e-1 6.03104199e0 0.00000000e0 2.54558762e0 3.98598905e-3 1.30666493e-3 3.48062588e-2 1.40778705e-1 1.30389351e-3 2.27730000e-3 4.55461000e-1 1 1.110000e1
4.660643e1 3.43500518e-1 6.03102883e0 0.00000000e0 2.55906068e0 4.02389038e-3 1.32322976e-3 3.52016398e-2 1.40308223e-1 1.32403362e-3 2.27730000e-3 4.55461000e-1 1 1.120000e1
4.670643e1 3.43500428e-1 6.03101563e0 0.00000000e0 2.57248389e0 4.06180627e-3 1.33986667e-3 3.55979722e-2 1.39842861e-1 1.34438261e-3 2.27730000e-3 4.55461000e-1 1 1.130000e1
4.680643e1 3.43500338e-1 6.03100240e0 0.00000000e0 2.58585776e0 4.09973517e-3 1.35657402e-3 3.59952271e-2 1.39382523e-1 1.36493723e-3 2.27730000e-3 4.55461000e-1 1 1.140000e1
4.690643e1 3.43500248e-1 6.03098914e0 0.00000000e0 2.59918280e0 4.13767559e-3 1.37335019e-3 3.63933762e-2 1.38927114e-1 1.38569423e-3 2.27730000e-3 4.55461000e-1 1 1.150000e1
4.700643e1 3.43500157e-1 6.03097584e0 0.00000000e0 2.61245952e0 4.17562605e-3 1.39019357e-3 3.67923913e-2 1.38476544e-1 1.40665035e-3 2.27730000e-3 4.55461000e-1 1 1.160000e1
4.710643e1 3.43500066e-1 6.03096251e0 0.00000000e0 2.62568840e0 4.21358509e-3 1.40710257e-3 3.71922449e-2 1.38030724e-1 1.42780235e-3 2.27730000e-3 4.55461000e-1 1 1.170000e1
4.720643e1 3.43499974e-1 6.03094916e0 0.00000000e0 2.63886993e0 4.25155128e-3 1.42407563e-3 3.75929096e-2 1.37589568e-1 1.44914699e-3 2.27730000e-3 4.55461000e-1 1 1.180000e1
4.730643e1 3.43499881e-1 6.03093577e0 0.00000000e0 2.65200457e0 4.28952322e-3 1.44111118e-3 3.79943586e-2 1.37152991e-1 1.47068102e-3 2.27730000e-3 4.55461000e-1 1 1.190000e1
4.740643e1 3.43499789e-1 6.03092236e0 0.00000000e0 2.66509280e0 4.32749952e-3 1.45820769e-3 3.83965654e-2 1.36720910e-1 1.49240123e-3 2.27730000e-3 4.55461000e-1 1 1.200000e1
4.750643e1 3.43499695e-1 6.03090892e0 0.00000000e0 2.67813506e0 4.36547882e-3 1.47536364e-3 3.87995039e-2 1.36293245e-1 1.51430440e-3 2.27730000e-3 4.55461000e-1 1 1.210000e1
4.760643e1 3.43499602e-1 6.03089545e0 0.00000000e0 2.69113181e0 4.40345979e-3 1.49257753e-3 3.92031483e-2 1.35869918e-1 1.53638733e-3 2.27730000e-3 4.55461000e-1 1 1.220000e1
4.770643e1 3.43499508e-1 6.03088196e0 0.00000000e0 2.70408349e0 4.44144112e-3 1.50984788e-3 3.96074734e-2 1.35450852e-1 1.55864683e-3 2.27730000e-3 4.55461000e-1 1 1.230000e1
4.780643e1 3.43499413e-1 6.03086844e0 0.00000000e0 2.71699052e0 4.47942150e-3 1.52717323e-3 4.00124542e-2 1.35035972e-1 1.58107974e-3 2.27730000e-3 4.55461000e-1 1 1.240000e1
4.790643e1 3.43499318e-1 6.03085491e0 0.00000000e0 2.72985334e0 4.51739969e-3 1.54455213e-3 4.04180661e-2 1.34625204e-1 1.60368290e-3 2.27730000e-3 4.55461000e-1 1 1.250000e1
4.800643e1 3.43499223e-1 6.03084134e0 0.00000000e0 2.74267236e0 4.55537442e-3 1.56198314e-3 4.08242849e-2 1.34218478e-1 1.62645319e-3 2.27730000e-3 4.55461000e-1 1 1.260000e1
4.810643e1 3.43499127e-1 6.03082776e0 0.00000000e0 2.75544800e0 4.59334447e-3 1.57946487e-3 4.12310868e-2 1.33815724e-1 1.64938748e-3 2.27730000e-3 4.55461000e-1 1 1.270000e1
4.820643e1 3.43499032e-1 6.03081416e0 0.00000000e0 2.76818065e0 4.63130864e-3 1.59699592e-3 4.16384482e-2 1.33416874e-1 1.67248269e-3 2.27730000e-3 4.55461000e-1 1 1.280000e1
4.830643e1 3.43498935e-1 6.03080054e0 0.00000000e0 2.78087071e0 4.66926575e-3 1.61457491e-3 4.20463460e-2 1.33021860e-1 1.69573574e-3 2.27730000e-3 4.55461000e-1 1 1.290000e1
4.840643e1 3.43498839e-1 6.03078690e0 0.00000000e0 2.79351857e0 4.70721464e-3 1.63220049e-3 4.24547575e-2 1.32630618e-1 1.71914358e-3 2.27730000e-3 4.55461000e-1 1 1.300000e1
4.850643e1 3.43498742e-1 6.03077324e0 0.00000000e0 2.80612462e0 4.74515416e-3 1.64987133e-3 4.28636602e-2 1.32243084e-1 1.74270321e-3 2.27730000e-3 4.55461000e-1 1 1.310000e1
4.860643e1 3.43498644e-1 6.03075956e0 0.00000000e0 2.81868923e0 4.78308320e-3 1.66758609e-3 4.32730321e-2 1.31859195e-1 1.76641160e-3 2.27730000e-3 4.55461000e-1 1 1.320000e1
4.870643e1 3.43498547e-1 6.03074587e0 0.00000000e0 2.83121278e0 4.82100066e-3 1.68534349e-3 4.36828514e-2 1.31478891e-1 1.79026581e-3 2.27730000e-3 4.55461000e-1 1 1.330000e1
4.880643e1 3.43498449e-1 6.03073216e0 0.00000000e0 2.84369563e0 4.85890545e-3 1.70314223e-3 4.40930968e-2 1.31102112e-1 1.81426286e-3 2.27730000e-3 4.55461000e-1 1 1.340000e1
4.890643e1 3.43498351e-1 6.03071844e0 0.00000000e0 2.85613813e0 4.89679651e-3 1.72098106e-3 4.45037473e-2 1.30728800e-1 1.83839986e-3 2.27730000e-3 4.55461000e-1 1 1.350000e1
4.900643e1 3.43498252e-1 6.03070470e0 0.00000000e0 2.86854065e0 4.93467281e-3 1.73885871e-3 4.49147821e-2 1.30358897e-1 1.86267389e-3 2.27730000e-3 4.55461000e-1 1 1.360000e1
4.910643e1 3.43498154e-1 6.03069095e0 0.00000000e0 2.88090352e0 4.97253332e-3 1.75677397e-3 4.53261809e-2 1.29992349e-1 1.88708210e-3 2.27730000e-3 4.55461000e-1 1 1.370000e1
4.920643e1 3.43498055e-1 6.03067718e0 0.00000000e0 2.89322710e0 5.01037703e-3 1.77472561e-3 4.57379235e-2 1.29629099e-1 1.91162166e-3 2.27730000e-3 4.55461000e-1 1 1.380000e1
4.930643e1 3.43497956e-1 6.03066341e0 0.00000000e0 2.90551170e0 5.04820296e-3 1.79271244e-3 4.61499904e-2 1.29269095e-1 1.93628975e-3 2.27730000e-3 4.55461000e-1 1 1.390000e1
4.940643e1 3.43497856e-1 6.03064962e0 0.00000000e0 2.91775768e0 5.08601015e-3 1.81073328e-3 4.65623620e-2 1.28912284e-1 1.96108359e-3 2.27730000e-3 4.55461000e-1 1 1.400000e1
4.950643e1 3.43497757e-1 6.03063583e0 0.00000000e0 2.92996535e0 5.12379764e-3 1.82878697e-3 4.69750194e-2 1.28558614e-1 1.98600043e-3 2.27730000e-3 4.55461000e-1 1 1.410000e1
4.960643e1 3.43497657e-1 6.03062202e0 0.00000000e0 2.94213503e0 5.16156450e-3 1.84687237e-3 4.73879436e-2 1.28208037e-1 2.01103757e-3 2.27730000e-3 4.55461000e-1 1 1.420000e1
4.970643e1 3.43497557e-1 6.03060821e0 0.00000000e0 2.95426703e0 5.19930981e-3 1.86498834e-3 4.78011163e-2 1.27860501e-1 2.03619229e-3 2.27730000e-3 4.55461000e-1 1 1.430000e1
4.980643e1 3.43497457e-1 6.03059438e0 0.00000000e0 2.96636168e0 5.23703269e-3 1.88313378e-3 4.82145194e-2 1.27515960e-1 2.06146196e-3 2.27730000e-3 4.55461000e-1 1 1.440000e1
4.990643e1 3.43497356e-1 6.03058055e0 0.00000000e0 2.97841927e0 5.27473224e-3 1.90130758e-3 4.86281348e-2 1.27174365e-1 2.08684393e-3 2.27730000e-3 4.55461000e-1 1 1.450000e1
5.000643e1 3.43497256e-1 6.03056671e0 0.00000000e0 2.99044010e0 5.31240761e-3 1.91950867e-3 4.90419451e-2 1.26835670e-1 2.11233561e-3 2.27730000e-3 4.55461000e-1 1 1.460000e1
5.010643e1 3.43497155e-1 6.03055287e0 0.00000000e0 3.00242447e0 5.35005795e-3 1.93773600e-3 4.94559331e-2 1.26499831e-1 2.13793443e-3 2.27730000e-3 4.55461000e-1 1 1.470000e1
5.020643e1 3.43497054e-1 6.03053901e0 0.00000000e0 3.01437268e0 5.38768242e-3 1.95598850e-3 4.98700816e-2 1.26166802e-1 2.16363786e-3 2.27730000e-3 4.55461000e-1 1 1.480000e1
5.030643e1 3.43496953e-1 6.03052516e0 0.00000000e0 3.02628500e0 5.42528021e-3 1.97426516e-3 5.02843741e-2 1.25836541e-1 2.18944338e-3 2.27730000e-3 4.55461000e-1 1 1.490000e1
5.040643e1 3.43496852e-1 6.03051130e0 0.00000000e0 3.03816173e0 5.46285053e-3 1.99256495e-3 5.06987941e-2 1.25509003e-1 2.21534853e-3 2.27730000e-3 4.55461000e-1 1 1.500000e1
5.050643e1 3.43496750e-1 6.03049743e0 0.00000000e0 3.05000313e0 5.50039258e-3 2.01088688e-3 5.11133256e-2 1.25184148e-1 2.24135086e-3 2.27730000e-3 4.55461000e-1 1 1.510000e1
5.060643e1 3.43496649e-1 6.03048356e0 0.00000000e0 3.06180949e0 5.53790560e-3 2.02922997e-3 5.15279525e-2 1.24861933e-1 2.26744795e-3 2.27730000e-3 4.55461000e-1 1 1.520000e1
5.070643e1 3.43496547e-1 6.03046969e0 0.00000000e0 3.07358108e0 5.57538883e-3 2.04759325e-3 5.19426594e-2 1.24542320e-1 2.29363743e-3 2.27730000e-3 4.55461000e-1 1 1.530000e1
5.080643e1 3.43496445e-1 6.03045582e0 0.00000000e0 3.08531815e0 5.61284154e-3 2.06597576e-3 5.23574309e-2 1.24225268e-1 2.31991693e-3 2.27730000e-3 4.55461000e-1 1 1.540000e1
5.090643e1 3.43496343e-1 6.03044194e0 0.00000000e0 3.09702098e0 5.65026300e-3 2.08437656e-3 5.27722520e-2 1.23910738e-1 2.34628415e-3 2.27730000e-3 4.55461000e-1 1 1.550000e1
5.100643e1 3.43496241e-1 6.03042806e0 0.00000000e0 3.10868982e0 5.68765250e-3 2.10279474e-3 5.31871079e-2 1.23598693e-1 2.37273679e-3 2.27730000e-3 4.55461000e-1 1 1.560000e1
5.110643e1 3.43496139e-1 6.03041418e0 0.00000000e0 3.12032492e0 5.72500935e-3 2.12122939e-3 5.36019840e-2 1.23289095e-1 2.39927259e-3 2.27730000e-3 4.55461000e-1 1 1.570000e1
5.120643e1 3.43496037e-1 6.03040030e0 0.00000000e0 3.13192654e0 5.76233285e-3 2.13967961e-3 5.40168661e-2 1.22981908e-1 2.42588932e-3 2.27730000e-3 4.55461000e-1 1 1.580000e1
5.130643e1 3.43495935e-1 6.03038642e0 0.00000000e0 3.14349492e0 5.79962234e-3 2.15814452e-3 5.44317401e-2 1.22677095e-1 2.45258478e-3 2.27730000e-3 4.55461000e-1 1 1.590000e1
5.140643e1 3.43495833e-1 6.03037255e0 0.00000000e0 3.15503030e0 5.83687718e-3 2.17662327e-3 5.48465923e-2 1.22374622e-1 2.47935681e-3 2.27730000e-3 4.55461000e-1 1 1.600000e1
5.150643e1 3.43495730e-1 6.03035867e0 0.00000000e0 3.16653293e0 5.87409671e-3 2.19511499e-3 5.52614091e-2 1.22074453e-1 2.50620326e-3 2.27730000e-3 4.55461000e-1 1 1.610000e1
5.160643e1 3.43495628e-1 6.03034479e0 0.00000000e0 3.17800304e0 5.91128030e-3 2.21361885e-3 5.56761771e-2 1.21776555e-1 2.53312203e-3 2.27730000e-3 4.55461000e-1 1 1.620000e1
5.170643e1 3.43495525e-1 6.03033092e0 0.00000000e0 3.18944086e0 5.94842734e-3 2.23213402e-3 5.60908834e-2 1.21480894e-1 2.56011103e-3 2.27730000e-3 4.55461000e-1 1 1.630000e1
5.180643e1 3.43495422e-1 6.03031705e0 0.00000000e0 3.20084663e0 5.98553723e-3 2.25065971e-3 5.65055152e-2 1.21187438e-1 2.58716823e-3 2.27730000e-3 4.55461000e-1 1 1.640000e1
5.190643e1 3.43495320e-1 6.03030318e0 0.00000000e0 3.21222057e0 6.02260938e-3 2.26919510e-3 5.69200597e-2 1.20896155e-1 2.61429159e-3 2.27730000e-3 4.55461000e-1 1 1.650000e1
5.200643e1 3.43495217e-1 6.03028931e0 0.00000000e0 3.22356290e0 6.05964320e-3 2.28773943e-3 5.73345046e-2 1.20607012e-1 2.64147912e-3 2.27730000e-3 4.55461000e-1 1 1.660000e1
5.210643e1 3.43495114e-1 6.03027545e0 0.00000000e0 3.23487384e0 6.09663813e-3 2.30629191e-3 5.77488378e-2 1.20319980e-1 2.66872888e-3 2.27730000e-3 4.55461000e-1 1 1.670000e1
5.220643e1 3.43495011e-1 6.03026160e0 0.00000000e0 3.24615361e0 6.13359362e-3 2.32485179e-3 5.81630473e-2 1.20035027e-1 2.69603891e-3 2.27730000e-3 4.55461000e-1 1 1.680000e1
5.230643e1 3.43494909e-1 6.03024774e0 0.00000000e0 3.25740242e0 6.17050911e-3 2.34341832e-3 5.85771214e-2 1.19752124e-1 2.72340731e-3 2.27730000e-3 4.55461000e-1 1 1.690000e1
5.240643e1 3.43494806e-1 6.03023389e0 0.00000000e0 3.26862049e0 6.20738409e-3 2.36199078e-3 5.89910487e-2 1.19471241e-1 2.75083222e-3 2.27730000e-3 4.55461000e-1 1 1.700000e1
5.250643e1 3.43494703e-1 6.03022005e0 0.00000000e0 3.27980801e0 6.24421802e-3 2.38056844e-3 5.94048177e-2 1.19192350e-1 2.77831177e-3 2.27730000e-3 4.55461000e-1 1 1.710000e1
5.260643e1 3.43494600e-1 6.03020622e0 0.00000000e0 3.29096520e0 6.28101040e-3 2.39915060e-3 5.98184175e-2 1.18915422e-1 2.80584415e-3 2.27730000e-3 4.55461000e-1 1 1.720000e1
5.270643e1 3.43494497e-1 6.03019239e0 0.00000000e0 3.30209226e0 6.31776073e-3 2.41773656e-3 6.02318371e-2 1.18640430e-1 2.83342756e-3 2.27730000e-3 4.55461000e-1 1 1.730000e1
5.280643e1 3.43494394e-1 6.03017856e0 0.00000000e0 3.31318939e0 6.35446853e-3 2.43632563e-3 6.06450658e-2 1.18367346e-1 2.86106024e-3 2.27730000e-3 4.55461000e-1 1 1.740000e1
5.290643e1 3.43494291e-1 6.03016474e0 0.00000000e0 3.32425677e0 6.39113331e-3 2.45491715e-3 6.10580933e-2 1.18096143e-1 2.88874044e-3 2.27730000e-3 4.55461000e-1 1 1.750000e1
5.300643e1 3.43494188e-1 6.03015093e0 0.00000000e0 3.33529461e0 6.42775461e-3 2.47351045e-3 6.14709091e-2 1.17826795e-1 2.91646645e-3 2.27730000e-3 4.55461000e-1 1 1.760000e1
5.310643e1 3.43494085e-1 6.03013713e0 0.00000000e0 3.34630310e0 6.46433197e-3 2.49210489e-3 6.18835032e-2 1.17559276e-1 2.94423659e-3 2.27730000e-3 4.55461000e-1 1 1.770000e1
5.320643e1 3.43493982e-1 6.03012334e0 0.00000000e0 3.35728242e0 6.50086494e-3 2.51069983e-3 6.22958656e-2 1.17293560e-1 2.97204919e-3 2.27730000e-3 4.55461000e-1 1 1.780000e1
5.330643e1 3.43493879e-1 6.03010955e0 0.00000000e0 3.36823277e0 6.53735310e-3 2.52929464e-3 6.27079867e-2 1.17029623e-1 2.99990261e-3 2.27730000e-3 4.55461000e-1 1 1.790000e1
5.340643e1 3.43493776e-1 6.03009578e0 0.00000000e0 3.37915431e0 6.57379601e-3 2.54788871e-3 6.31198570e-2 1.16767441e-1 3.02779526e-3 2.27730000e-3 4.55461000e-1 1 1.800000e1
5.350643e1 3.43493673e-1 6.03008201e0 0.00000000e0 3.39004724e0 6.61019325e-3 2.56648142e-3 6.35314669e-2 1.16506988e-1 3.05572553e-3 2.27730000e-3 4.55461000e-1 1 1.810000e1
5.360643e1 3.43493570e-1 6.03006825e0 0.00000000e0 3.40091174e0 6.64654442e-3 2.58507220e-3 6.39428075e-2 1.16248241e-1 3.08369188e-3 2.27730000e-3 4.55461000e-1 1 1.820000e1
5.370643e1 3.43493467e-1 6.03005450e0 0.00000000e0 3.41174797e0 6.68284911e-3 2.60366044e-3 6.43538696e-2 1.15991176e-1 3.11169277e-3 2.27730000e-3 4.55461000e-1 1 1.830000e1
5.380643e1 3.43493365e-1 6.03004076e0 0.00000000e0 3.42255612e0 6.71910695e-3 2.62224559e-3 6.47646445e-2 1.15735772e-1 3.13972668e-3 2.27730000e-3 4.55461000e-1 1 1.840000e1
5.390643e1 3.43493262e-1 6.03002703e0 0.00000000e0 3.43333634e0 6.75531754e-3 2.64082708e-3 6.51751235e-2 1.15482005e-1 3.16779214e-3 2.27730000e-3 4.55461000e-1 1 1.850000e1
5.400643e1 3.43493159e-1 6.03001331e0 0.00000000e0 3.44408883e0 6.79148053e-3 2.65940435e-3 6.55852980e-2 1.15229853e-1 3.19588767e-3 2.27730000e-3 4.55461000e-1 1 1.860000e1
5.410643e1 3.43493056e-1 6.02999960e0 0.00000000e0 3.45481373e0 6.82759553e-3 2.67797686e-3 6.59951598e-2 1.14979295e-1 3.22401184e-3 2.27730000e-3 4.55461000e-1 1 1.870000e1
5.420643e1 3.43492954e-1 6.02998590e0 0.00000000e0 3.46551121e0 6.86366221e-3 2.69654408e-3 6.64047007e-2 1.14730308e-1 3.25216324e-3 2.27730000e-3 4.55461000e-1 1 1.880000e1
5.430643e1 3.43492851e-1 6.02997222e0 0.00000000e0 3.47618144e0 6.89968021e-3 2.71510549e-3 6.68139127e-2 1.14482872e-1 3.28034046e-3 2.27730000e-3 4.55461000e-1 1 1.890000e1
5.440643e1 3.43492748e-1 6.02995854e0 0.00000000e0 3.48682458e0 6.93564920e-3 2.73366056e-3 6.72227879e-2 1.14236967e-1 3.30854215e-3 2.27730000e-3 4.55461000e-1 1 1.900000e1
5.450643e1 3.43492646e-1 6.02994488e0 0.00000000e0 3.49744078e0 6.97156884e-3 2.75220880e-3 6.76313186e-2 1.13992571e-1 3.33676694e-3 2.27730000e-3 4.55461000e-1 1 1.910000e1
5.460643e1 3.43492543e-1 6.02993123e0 0.00000000e0 3.50803020e0 7.00743881e-3 2.77074971e-3 6.80394973e-2 1.13749665e-1 3.36501352e-3 2.27730000e-3 4.55461000e-1 1 1.920000e1
5.470643e1 3.43492441e-1 6.02991759e0 0.00000000e0 3.51859299e0 7.04325881e-3 2.78928280e-3 6.84473167e-2 1.13508229e-1 3.39328059e-3 2.27730000e-3 4.55461000e-1 1 1.930000e1
5.480643e1 3.43492338e-1 6.02990396e0 0.00000000e0 3.52912931e0 7.07902853e-3 2.80780760e-3 6.88547693e-2 1.13268244e-1 3.42156685e-3 2.27730000e-3 4.55461000e-1 1 1.940000e1
5.490643e1 3.43492236e-1 6.02989035e0 0.00000000e0 3.53963931e0 7.11474766e-3 2.82632364e-3 6.92618483e-2 1.13029691e-1 3.44987105e-3 2.27730000e-3 4.55461000e-1 1 1.950000e1
5.500643e1 3.43492134e-1 6.02987675e0 0.00000000e0 3.55012314e0 7.15041591e-3 2.84483045e-3 6.96685465e-2 1.12792551e-1 3.47819194e-3 2.27730000e-3 4.55461000e-1 1 1.960000e1
5.510643e1 3.43492031e-1 6.02986316e0 0.00000000e0 3.56058093e0 7.18603301e-3 2.86332758e-3 7.00748572e-2 1.12556805e-1 3.50652832e-3 2.27730000e-3 4.55461000e-1 1 1.970000e1
5.520643e1 3.43491929e-1 6.02984959e0 0.00000000e0 3.57101284e0 7.22159867e-3 2.88181460e-3 7.04807736e-2 1.12322436e-1 3.53487898e-3 2.27730000e-3 4.55461000e-1 1 1.980000e1
5.530643e1 3.43491827e-1 6.02983603e0 0.00000000e0 3.58141901e0 7.25711262e-3 2.90029107e-3 7.08862894e-2 1.12089425e-1 3.56324273e-3 2.27730000e-3 4.55461000e-1 1 1.990000e1
5.540643e1 3.43491725e-1 6.02982248e0 0.00000000e0 3.59179958e0 7.29257462e-3 2.91875655e-3 7.12913980e-2 1.11857756e-1 3.59161843e-3 2.27730000e-3 4.55461000e-1 1 2.000000e1
5.550643e1 3.43491623e-1 6.02980895e0 0.00000000e0 3.60215469e0 7.32798438e-3 2.93721064e-3 7.16960931e-2 1.11627411e-1 3.62000494e-3 2.27730000e-3 4.55461000e-1 1 2.010000e1
5.560643e1 3.43491521e-1 6.02979544e0 0.00000000e0 3.61248447e0 7.36334168e-3 2.95565292e-3 7.21003687e-2 1.11398373e-1 3.64840112e-3 2.27730000e-3 4.55461000e-1 1 2.020000e1
5.570643e1 3.43491420e-1 6.02978193e0 0.00000000e0 3.62278907e0 7.39864626e-3 2.97408298e-3 7.25042186e-2 1.11170625e-1 3.67680589e-3 2.27730000e-3 4.55461000e-1 1 2.030000e1
5.580643e1 3.43491318e-1 6.02976844e0 0.00000000e0 3.63306861e0 7.43389790e-3 2.99250044e-3 7.29076371e-2 1.10944151e-1 3.70521816e-3 2.27730000e-3 4.55461000e-1 1 2.040000e1
5.590643e1 3.43491216e-1 6.02975497e0 0.00000000e0 3.64332322e0 7.46909636e-3 3.01090490e-3 7.33106183e-2 1.10718935e-1 3.73363686e-3 2.27730000e-3 4.55461000e-1 1 2.050000e1
5.600643e1 3.43491115e-1 6.02974151e0 0.00000000e0 3.65355305e0 7.50424141e-3 3.02929598e-3 7.37131566e-2 1.10494961e-1 3.76206096e-3 2.27730000e-3 4.55461000e-1 1 2.060000e1
5.610643e1 3.43491013e-1 6.02972807e0 0.00000000e0 3.66375821e0 7.53933285e-3 3.04767332e-3 7.41152465e-2 1.10272213e-1 3.79048942e-3 2.27730000e-3 4.55461000e-1 1 2.070000e1
5.620643e1 3.43490912e-1 6.02971464e0 0.00000000e0 3.67393884e0 7.57437045e-3 3.06603654e-3 7.45168825e-2 1.10050677e-1 3.81892123e-3 2.27730000e-3 4.55461000e-1 1 2.080000e1
5.630643e1 3.43490811e-1 6.02970123e0 0.00000000e0 3.68409506e0 7.60935403e-3 3.08438529e-3 7.49180593e-2 1.09830336e-1 3.84735541e-3 2.27730000e-3 4.55461000e-1 1 2.090000e1
5.640643e1 3.43490710e-1 6.02968784e0 0.00000000e0 3.69422699e0 7.64428337e-3 3.10271922e-3 7.53187719e-2 1.09611177e-1 3.87579098e-3 2.27730000e-3 4.55461000e-1 1 2.100000e1
5.650643e1 3.43490609e-1 6.02967446e0 0.00000000e0 3.70433476e0 7.67915828e-3 3.12103797e-3 7.57190150e-2 1.09393183e-1 3.90422699e-3 2.27730000e-3 4.55461000e-1 1 2.110000e1
5.660643e1 3.43490508e-1 6.02966109e0 0.00000000e0 3.71441849e0 7.71397858e-3 3.13934122e-3 7.61187837e-2 1.09176342e-1 3.93266248e-3 2.27730000e-3 4.55461000e-1 1 2.120000e1
5.670643e1 3.43490407e-1 6.02964775e0 0.00000000e0 3.72447830e0 7.74874409e-3 3.15762863e-3 7.65180733e-2 1.08960639e-1 3.96109655e-3 2.27730000e-3 4.55461000e-1 1 2.130000e1
5.680643e1 3.43490306e-1 6.02963442e0 0.00000000e0 3.73451431e0 7.78345462e-3 3.17589987e-3 7.69168789e-2 1.08746060e-1 3.98952827e-3 2.27730000e-3 4.55461000e-1 1 2.140000e1
5.690643e1 3.43490205e-1 6.02962110e0 0.00000000e0 3.74452663e0 7.81811001e-3 3.19415464e-3 7.73151959e-2 1.08532591e-1 4.01795676e-3 2.27730000e-3 4.55461000e-1 1 2.150000e1
5.700643e1 3.43490105e-1 6.02960780e0 0.00000000e0 3.75451538e0 7.85271009e-3 3.21239260e-3 7.77130198e-2 1.08320219e-1 4.04638115e-3 2.27730000e-3 4.55461000e-1 1 2.160000e1
5.710643e1 3.43490004e-1 6.02959452e0 0.00000000e0 3.76448068e0 7.88725470e-3 3.23061347e-3 7.81103461e-2 1.08108930e-1 4.07480057e-3 2.27730000e-3 4.55461000e-1 1 2.170000e1
5.720643e1 3.43489904e-1 6.02958126e0 0.00000000e0 3.77442263e0 7.92174368e-3 3.24881694e-3 7.85071705e-2 1.07898712e-1 4.10321418e-3 2.27730000e-3 4.55461000e-1 1 2.180000e1
5.730643e1 3.43489804e-1 6.02956801e0 0.00000000e0 3.78434136e0 7.95617689e-3 3.26700272e-3 7.89034888e-2 1.07689551e-1 4.13162115e-3 2.27730000e-3 4.55461000e-1 1 2.190000e1
5.740643e1 3.43489704e-1 6.02955479e0 0.00000000e0 3.79423696e0 7.99055418e-3 3.28517052e-3 7.92992968e-2 1.07481436e-1 4.16002067e-3 2.27730000e-3 4.55461000e-1 1 2.200000e1
5.750643e1 3.43489604e-1 6.02954157e0 0.00000000e0 3.80410956e0 8.02487540e-3 3.30332005e-3 7.96945905e-2 1.07274353e-1 4.18841193e-3 2.27730000e-3 4.55461000e-1 1 2.210000e1
5.760643e1 3.43489504e-1 6.02952838e0 0.00000000e0 3.81395925e0 8.05914043e-3 3.32145105e-3 8.00893660e-2 1.07068290e-1 4.21679415e-3 2.27730000e-3 4.55461000e-1 1 2.220000e1
5.770643e1 3.43489404e-1 6.02951521e0 0.00000000e0 3.82378615e0 8.09334913e-3 3.33956324e-3 8.04836193e-2 1.06863235e-1 4.24516656e-3 2.27730000e-3 4.55461000e-1 1 2.230000e1
5.780643e1 3.43489304e-1 6.02950205e0 0.00000000e0 3.83359035e0 8.12750137e-3 3.35765636e-3 8.08773467e-2 1.06659176e-1 4.27352840e-3 2.27730000e-3 4.55461000e-1 1 2.240000e1
5.790643e1 3.43489205e-1 6.02948891e0 0.00000000e0 3.84337197e0 8.16159703e-3 3.37573015e-3 8.12705445e-2 1.06456103e-1 4.30187894e-3 2.27730000e-3 4.55461000e-1 1 2.250000e1
5.800643e1 3.43489106e-1 6.02947579e0 0.00000000e0 3.85313110e0 8.19563599e-3 3.39378435e-3 8.16632092e-2 1.06254002e-1 4.33021743e-3 2.27730000e-3 4.55461000e-1 1 2.260000e1
5.810643e1 3.43489006e-1 6.02946268e0 0.00000000e0 3.86286786e0 8.22961815e-3 3.41181871e-3 8.20553372e-2 1.06052863e-1 4.35854317e-3 2.27730000e-3 4.55461000e-1 1 2.270000e1
5.820643e1 3.43488907e-1 6.02944960e0 0.00000000e0 3.87258233e0 8.26354338e-3 3.42983301e-3 8.24469250e-2 1.05852675e-1 4.38685544e-3 2.27730000e-3 4.55461000e-1 1 2.280000e1
5.830643e1 3.43488808e-1 6.02943653e0 0.00000000e0 3.88227462e0 8.29741159e-3 3.44782698e-3 8.28379695e-2 1.05653426e-1 4.41515357e-3 2.27730000e-3 4.55461000e-1 1 2.290000e1
5.840643e1 3.43488709e-1 6.02942348e0 0.00000000e0 3.89194483e0 8.33122267e-3 3.46580041e-3 8.32284672e-2 1.05455107e-1 4.44343688e-3 2.27730000e-3 4.55461000e-1 1 2.300000e1
5.850643e1 3.43488610e-1 6.02941045e0 0.00000000e0 3.90159305e0 8.36497654e-3 3.48375307e-3 8.36184151e-2 1.05257705e-1 4.47170469e-3 2.27730000e-3 4.55461000e-1 1 2.310000e1
5.860643e1 3.43488512e-1 6.02939744e0 0.00000000e0 3.91121938e0 8.39867308e-3 3.50168473e-3 8.40078100e-2 1.05061212e-1 4.49995637e-3 2.27730000e-3 4.55461000e-1 1 2.320000e1
5.870643e1 3.43488413e-1 6.02938445e0 0.00000000e0 3.92082392e0 8.43231222e-3 3.51959517e-3 8.43966489e-2 1.04865616e-1 4.52819126e-3 2.27730000e-3 4.55461000e-1 1 2.330000e1
5.880643e1 3.43488315e-1 6.02937148e0 0.00000000e0 3.93040675e0 8.46589388e-3 3.53748418e-3 8.47849289e-2 1.04670907e-1 4.55640874e-3 2.27730000e-3 4.55461000e-1 1 2.340000e1
5.890643e1 3.43488216e-1 6.02935852e0 0.00000000e0 3.93996799e0 8.49941796e-3 3.55535156e-3 8.51726471e-2 1.04477076e-1 4.58460820e-3 2.27730000e-3 4.55461000e-1 1 2.350000e1
5.900643e1 3.43488118e-1 6.02934559e0 0.00000000e0 3.94950770e0 8.53288439e-3 3.57319709e-3 8.55598007e-2 1.04284113e-1 4.61278904e-3 2.27730000e-3 4.55461000e-1 1 2.360000e1
5.910643e1 3.43488020e-1 6.02933267e0 0.00000000e0 3.95902600e0 8.56629310e-3 3.59102058e-3 8.59463869e-2 1.04092007e-1 4.64095065e-3 2.27730000e-3 4.55461000e-1 1 2.370000e1
5.920643e1 3.43487922e-1 6.02931978e0 0.00000000e0 3.96852296e0 8.59964402e-3 3.60882184e-3 8.63324032e-2 1.03900750e-1 4.66909246e-3 2.27730000e-3 4.55461000e-1 1 2.380000e1
5.930643e1 3.43487825e-1 6.02930690e0 0.00000000e0 3.97799867e0 8.63293708e-3 3.62660066e-3 8.67178469e-2 1.03710332e-1 4.69721390e-3 2.27730000e-3 4.55461000e-1 1 2.390000e1
5.940643e1 3.43487727e-1 6.02929404e0 0.00000000e0 3.98745323e0 8.66617221e-3 3.64435688e-3 8.71027155e-2 1.03520744e-1 4.72531441e-3 2.27730000e-3 4.55461000e-1 1 2.400000e1
5.950643e1 3.43487630e-1 6.02928121e0 0.00000000e0 3.99688672e0 8.69934936e-3 3.66209029e-3 8.74870067e-2 1.03331976e-1 4.75339345e-3 2.27730000e-3 4.55461000e-1 1 2.410000e1
5.960643e1 3.43487532e-1 6.02926839e0 0.00000000e0 4.00629923e0 8.73246847e-3 3.67980074e-3 8.78707179e-2 1.03144020e-1 4.78145046e-3 2.27730000e-3 4.55461000e-1 1 2.420000e1
5.970643e1 3.43487435e-1 6.02925559e0 0.00000000e0 4.01569085e0 8.76552948e-3 3.69748804e-3 8.82538469e-2 1.02956868e-1 4.80948494e-3 2.27730000e-3 4.55461000e-1 1 2.430000e1
5.980643e1 3.43487338e-1 6.02924281e0 0.00000000e0 4.02506165e0 8.79853235e-3 3.71515202e-3 8.86363915e-2 1.02770509e-1 4.83749635e-3 2.27730000e-3 4.55461000e-1 1 2.440000e1
5.990643e1 3.43487241e-1 6.02923005e0 0.00000000e0 4.03441172e0 8.83147703e-3 3.73279251e-3 8.90183494e-2 1.02584936e-1 4.86548420e-3 2.27730000e-3 4.55461000e-1 1 2.450000e1
6.000643e1 3.43487144e-1 6.02921731e0 0.00000000e0 4.04374115e0 8.86436347e-3 3.75040936e-3 8.93997186e-2 1.02400141e-1 4.89344799e-3 2.27730000e-3 4.55461000e-1 1 2.460000e1
6.010643e1 3.43487048e-1 6.02920459e0 0.00000000e0 4.05305002e0 8.89719163e-3 3.76800241e-3 8.97804969e-2 1.02216114e-1 4.92138723e-3 2.27730000e-3 4.55461000e-1 1 2.470000e1
6.020643e1 3.43486951e-1 6.02919190e0 0.00000000e0 4.06233840e0 8.92996148e-3 3.78557150e-3 9.01606824e-2 1.02032849e-1 4.94930144e-3 2.27730000e-3 4.55461000e-1 1 2.480000e1
6.030643e1 3.43486855e-1 6.02917922e0 0.00000000e0 4.07160638e0 8.96267298e-3 3.80311648e-3 9.05402732e-2 1.01850336e-1 4.97719016e-3 2.27730000e-3 4.55461000e-1 1 2.490000e1
6.040643e1 3.43486759e-1 6.02916656e0 0.00000000e0 4.08085404e0 8.99532609e-3 3.82063721e-3 9.09192673e-2 1.01668569e-1 5.00505292e-3 2.27730000e-3 4.55461000e-1 1 2.500000e1
6.050643e1 3.43486663e-1 6.02915392e0 0.00000000e0 4.09008145e0 9.02792079e-3 3.83813353e-3 9.12976628e-2 1.01487538e-1 5.03288929e-3 2.27730000e-3 4.55461000e-1 1 2.510000e1
6.060643e1 3.43486567e-1 6.02914130e0 0.00000000e0 4.09928870e0 9.06045704e-3 3.85560532e-3 9.16754582e-2 1.01307237e-1 5.06069881e-3 2.27730000e-3 4.55461000e-1 1 2.520000e1
6.070643e1 3.43486471e-1 6.02912870e0 0.00000000e0 4.10847586e0 9.09293484e-3 3.87305243e-3 9.20526516e-2 1.01127658e-1 5.08848106e-3 2.27730000e-3 4.55461000e-1 1 2.530000e1
6.080643e1 3.43486375e-1 6.02911613e0 0.00000000e0 4.11764301e0 9.12535415e-3 3.89047473e-3 9.24292413e-2 1.00948794e-1 5.11623562e-3 2.27730000e-3 4.55461000e-1 1 2.540000e1
6.090643e1 3.43486280e-1 6.02910357e0 0.00000000e0 4.12679023e0 9.15771495e-3 3.90787210e-3 9.28052258e-2 1.00770637e-1 5.14396207e-3 2.27730000e-3 4.55461000e-1 1 2.550000e1
6.100643e1 3.43486184e-1 6.02909103e0 0.00000000e0 4.13591758e0 9.19001723e-3 3.92524440e-3 9.31806034e-2 1.00593179e-1 5.17166001e-3 2.27730000e-3 4.55461000e-1 1 2.560000e1
6.110643e1 3.43486089e-1 6.02907852e0 0.00000000e0 4.14502514e0 9.22226098e-3 3.94259151e-3 9.35553728e-2 1.00416415e-1 5.19932903e-3 2.27730000e-3 4.55461000e-1 1 2.570000e1
6.120643e1 3.43485994e-1 6.02906602e0 0.00000000e0 4.15411299e0 9.25444618e-3 3.95991331e-3 9.39295324e-2 1.00240336e-1 5.22696876e-3 2.27730000e-3 4.55461000e-1 1 2.580000e1
6.130643e1 3.43485899e-1 6.02905355e0 0.00000000e0 4.16318120e0 9.28657282e-3 3.97720969e-3 9.43030808e-2 1.00064937e-1 5.25457882e-3 2.27730000e-3 4.55461000e-1 1 2.590000e1
6.140643e1 3.43485805e-1 6.02904109e0 0.00000000e0 4.17222984e0 9.31864091e-3 3.99448054e-3 9.46760167e-2 9.98902095e-2 5.28215881e-3 2.27730000e-3 4.55461000e-1 1 2.600000e1
6.150643e1 3.43485710e-1 6.02902866e0 0.00000000e0 4.18125898e0 9.35065042e-3 4.01172573e-3 9.50483388e-2 9.97161477e-2 5.30970840e-3 2.27730000e-3 4.55461000e-1 1 2.610000e1
6.160643e1 3.43485616e-1 6.02901625e0 0.00000000e0 4.19026870e0 9.38260137e-3 4.02894516e-3 9.54200457e-2 9.95427448e-2 5.33722721e-3 2.27730000e-3 4.55461000e-1 1 2.620000e1
6.170643e1 3.43485521e-1 6.02900386e0 0.00000000e0 4.19925906e0 9.41449375e-3 4.04613873e-3 9.57911363e-2 9.93699944e-2 5.36471490e-3 2.27730000e-3 4.55461000e-1 1 2.630000e1
6.180643e1 3.43485427e-1 6.02899148e0 0.00000000e0 4.20823013e0 9.44632756e-3 4.06330634e-3 9.61616095e-2 9.91978900e-2 5.39217113e-3 2.27730000e-3 4.55461000e-1 1 2.640000e1
6.190643e1 3.43485333e-1 6.02897913e0 0.00000000e0 4.21718198e0 9.47810282e-3 4.08044789e-3 9.65314640e-2 9.90264254e-2 5.41959556e-3 2.27730000e-3 4.55461000e-1 1 2.650000e1
6.200643e1 3.43485239e-1 6.02896681e0 0.00000000e0 4.22611468e0 9.50981951e-3 4.09756328e-3 9.69006988e-2 9.88555943e-2 5.44698786e-3 2.27730000e-3 4.55461000e-1 1 2.660000e1
6.210643e1 3.43485146e-1 6.02895450e0 0.00000000e0 4.23502829e0 9.54147767e-3 4.11465241e-3 9.72693129e-2 9.86853907e-2 5.47434772e-3 2.27730000e-3 4.55461000e-1 1 2.670000e1
6.220643e1 3.43485052e-1 6.02894221e0 0.00000000e0 4.24392289e0 9.57307728e-3 4.13171520e-3 9.76373052e-2 9.85158085e-2 5.50167481e-3 2.27730000e-3 4.55461000e-1 1 2.680000e1
6.230643e1 3.43484959e-1 6.02892994e0 0.00000000e0 4.25279854e0 9.60461838e-3 4.14875156e-3 9.80046748e-2 9.83468418e-2 5.52896885e-3 2.27730000e-3 4.55461000e-1 1 2.690000e1
6.240643e1 3.43484865e-1 6.02891770e0 0.00000000e0 4.26165530e0 9.63610096e-3 4.16576139e-3 9.83714208e-2 9.81784848e-2 5.55622951e-3 2.27730000e-3 4.55461000e-1 1 2.700000e1
6.250643e1 3.43484772e-1 6.02890547e0 0.00000000e0 4.27049324e0 9.66752506e-3 4.18274463e-3 9.87375424e-2 9.80107317e-2 5.58345652e-3 2.27730000e-3 4.55461000e-1 1 2.710000e1
6.260643e1 3.43484679e-1 6.02889327e0 0.00000000e0 4.27931243e0 9.69889068e-3 4.19970119e-3 9.91030386e-2 9.78435768e-2 5.61064959e-3 2.27730000e-3 4.55461000e-1 1 2.720000e1
6.270643e1 3.43484587e-1 6.02888109e0 0.00000000e0 4.28811292e0 9.73019785e-3 4.21663098e-3 9.94679087e-2 9.76770146e-2 5.63780843e-3 2.27730000e-3 4.55461000e-1 1 2.730000e1
6.280643e1 3.43484494e-1 6.02886893e0 0.00000000e0 4.29689479e0 9.76144659e-3 4.23353394e-3 9.98321519e-2 9.75110395e-2 5.66493277e-3 2.27730000e-3 4.55461000e-1 1 2.740000e1
6.290643e1 3.43484402e-1 6.02885679e0 0.00000000e0 4.30565809e0 9.79263692e-3 4.25040999e-3 1.00195767e-1 9.73456462e-2 5.69202235e-3 2.27730000e-3 4.55461000e-1 1 2.750000e1
6.300643e1 3.43484309e-1 6.02884467e0 0.00000000e0 4.31440288e0 9.82376888e-3 4.26725906e-3 1.00558755e-1 9.71808293e-2 5.71907690e-3 2.27730000e-3 4.55461000e-1 1 2.760000e1
6.310643e1 3.43484217e-1 6.02883257e0 0.00000000e0 4.32312924e0 9.85484248e-3 4.28408108e-3 1.00921113e-1 9.70165835e-2 5.74609617e-3 2.27730000e-3 4.55461000e-1 1 2.770000e1
6.320643e1 3.43484125e-1 6.02882049e0 0.00000000e0 4.33183721e0 9.88585775e-3 4.30087598e-3 1.01282842e-1 9.68529037e-2 5.77307991e-3 2.27730000e-3 4.55461000e-1 1 2.780000e1
6.330643e1 3.43484033e-1 6.02880844e0 0.00000000e0 4.34052686e0 9.91681474e-3 4.31764370e-3 1.01643941e-1 9.66897847e-2 5.80002787e-3 2.27730000e-3 4.55461000e-1 1 2.790000e1
6.340643e1 3.43483942e-1 6.02879640e0 0.00000000e0 4.34919825e0 9.94771346e-3 4.33438418e-3 1.02004409e-1 9.65272216e-2 5.82693982e-3 2.27730000e-3 4.55461000e-1 1 2.800000e1
6.350643e1 3.43483850e-1 6.02878439e0 0.00000000e0 4.35785144e0 9.97855395e-3 4.35109736e-3 1.02364246e-1 9.63652092e-2 5.85381552e-3 2.27730000e-3 4.55461000e-1 1 2.810000e1
6.360643e1 3.43483759e-1 6.02877240e0 0.00000000e0 4.36648648e0 1.00093363e-2 4.36778317e-3 1.02723451e-1 9.62037429e-2 5.88065475e-3 2.27730000e-3 4.55461000e-1 1 2.820000e1
6.370643e1 3.43483667e-1 6.02876043e0 0.00000000e0 4.37510344e0 1.00400604e-2 4.38444157e-3 1.03082024e-1 9.60428176e-2 5.90745729e-3 2.27730000e-3 4.55461000e-1 1 2.830000e1
6.380643e1 3.43483576e-1 6.02874848e0 0.00000000e0 4.38370238e0 1.00707264e-2 4.40107250e-3 1.03439964e-1 9.58824288e-2 5.93422292e-3 2.27730000e-3 4.55461000e-1 1 2.840000e1
6.390643e1 3.43483485e-1 6.02873655e0 0.00000000e0 4.39228335e0 1.01013344e-2 4.41767591e-3 1.03797272e-1 9.57225717e-2 5.96095143e-3 2.27730000e-3 4.55461000e-1 1 2.850000e1
6.400643e1 3.43483395e-1 6.02872465e0 0.00000000e0 4.40084640e0 1.01318843e-2 4.43425175e-3 1.04153946e-1 9.55632417e-2 5.98764261e-3 2.27730000e-3 4.55461000e-1 1 2.860000e1
6.410643e1 3.43483304e-1 6.02871276e0 0.00000000e0 4.40939161e0 1.01623762e-2 4.45079996e-3 1.04509987e-1 9.54044343e-2 6.01429627e-3 2.27730000e-3 4.55461000e-1 1 2.870000e1
6.420643e1 3.43483214e-1 6.02870090e0 0.00000000e0 4.41791901e0 1.01928102e-2 4.46732051e-3 1.04865394e-1 9.52461450e-2 6.04091221e-3 2.27730000e-3 4.55461000e-1 1 2.880000e1
6.430643e1 3.43483123e-1 6.02868906e0 0.00000000e0 4.42642867e0 1.02231863e-2 4.48381335e-3 1.05220166e-1 9.50883693e-2 6.06749023e-3 2.27730000e-3 4.55461000e-1 1 2.890000e1
6.440643e1 3.43483033e-1 6.02867723e0 0.00000000e0 4.43492064e0 1.02535045e-2 4.50027844e-3 1.05574304e-1 9.49311030e-2 6.09403016e-3 2.27730000e-3 4.55461000e-1 1 2.900000e1
6.450643e1 3.43482943e-1 6.02866543e0 0.00000000e0 4.44339498e0 1.02837649e-2 4.51671574e-3 1.05927808e-1 9.47743417e-2 6.12053181e-3 2.27730000e-3 4.55461000e-1 1 2.910000e1
6.460643e1 3.43482854e-1 6.02865366e0 0.00000000e0 4.45185174e0 1.03139676e-2 4.53312520e-3 1.06280677e-1 9.46180813e-2 6.14699500e-3 2.27730000e-3 4.55461000e-1 1 2.920000e1
6.470643e1 3.43482764e-1 6.02864190e0 0.00000000e0 4.46029097e0 1.03441125e-2 4.54950679e-3 1.06632911e-1 9.44623175e-2 6.17341957e-3 2.27730000e-3 4.55461000e-1 1 2.930000e1
6.480643e1 3.43482674e-1 6.02863016e0 0.00000000e0 4.46871273e0 1.03741998e-2 4.56586048e-3 1.06984510e-1 9.43070462e-2 6.19980535e-3 2.27730000e-3 4.55461000e-1 1 2.940000e1
6.490643e1 3.43482585e-1 6.02861845e0 0.00000000e0 4.47711708e0 1.04042294e-2 4.58218623e-3 1.07335473e-1 9.41522635e-2 6.22615216e-3 2.27730000e-3 4.55461000e-1 1 2.950000e1
6.500643e1 3.43482496e-1 6.02860675e0 0.00000000e0 4.48550406e0 1.04342016e-2 4.59848402e-3 1.07685801e-1 9.39979653e-2 6.25245987e-3 2.27730000e-3 4.55461000e-1 1 2.960000e1
6.510643e1 3.43482407e-1 6.02859508e0 0.00000000e0 4.49387372e0 1.04641162e-2 4.61475380e-3 1.08035495e-1 9.38441477e-2 6.27872830e-3 2.27730000e-3 4.55461000e-1 1 2.970000e1
6.520643e1 3.43482318e-1 6.02858343e0 0.00000000e0 4.50222612e0 1.04939734e-2 4.63099555e-3 1.08384552e-1 9.36908068e-2 6.30495732e-3 2.27730000e-3 4.55461000e-1 1 2.980000e1
6.530643e1 3.43482229e-1 6.02857180e0 0.00000000e0 4.51056132e0 1.05237732e-2 4.64720924e-3 1.08732975e-1 9.35379387e-2 6.33114677e-3 2.27730000e-3 4.55461000e-1 1 2.990000e1
6.540643e1 3.43482141e-1 6.02856019e0 0.00000000e0 4.51887935e0 1.05535157e-2 4.66339485e-3 1.09080762e-1 9.33855398e-2 6.35729652e-3 2.27730000e-3 4.55461000e-1 1 3.000000e1
6.550643e1 3.43482052e-1 6.02854861e0 0.00000000e0 4.52718027e0 1.05832009e-2 4.67955236e-3 1.09427913e-1 9.32336064e-2 6.38340642e-3 2.27730000e-3 4.55461000e-1 1 3.010000e1
6.560643e1 3.43481964e-1 6.02853704e0 0.00000000e0 4.53546414e0 1.06128289e-2 4.69568173e-3 1.09774430e-1 9.30821346e-2 6.40947635e-3 2.27730000e-3 4.55461000e-1 1 3.020000e1
6.570643e1 3.43481876e-1 6.02852550e0 0.00000000e0 4.54373099e0 1.06423998e-2 4.71178296e-3 1.10120311e-1 9.29311211e-2 6.43550617e-3 2.27730000e-3 4.55461000e-1 1 3.030000e1
6.580643e1 3.43481788e-1 6.02851398e0 0.00000000e0 4.55198089e0 1.06719135e-2 4.72785601e-3 1.10465557e-1 9.27805621e-2 6.46149576e-3 2.27730000e-3 4.55461000e-1 1 3.040000e1
6.590643e1 3.43481700e-1 6.02850247e0 0.00000000e0 4.56021388e0 1.07013703e-2 4.74390087e-3 1.10810169e-1 9.26304542e-2 6.48744499e-3 2.27730000e-3 4.55461000e-1 1 3.050000e1
6.600643e1 3.43481613e-1 6.02849099e0 0.00000000e0 4.56843000e0 1.07307701e-2 4.75991753e-3 1.11154145e-1 9.24807939e-2 6.51335375e-3 2.27730000e-3 4.55461000e-1 1 3.060000e1
6.610643e1 3.43481525e-1 6.02847953e0 0.00000000e0 4.57662931e0 1.07601130e-2 4.77590596e-3 1.11497487e-1 9.23315779e-2 6.53922192e-3 2.27730000e-3 4.55461000e-1 1 3.070000e1
6.620643e1 3.43481438e-1 6.02846810e0 0.00000000e0 4.58481186e0 1.07893991e-2 4.79186615e-3 1.11840195e-1 9.21828026e-2 6.56504939e-3 2.27730000e-3 4.55461000e-1 1 3.080000e1
6.630643e1 3.43481351e-1 6.02845668e0 0.00000000e0 4.59297769e0 1.08186285e-2 4.80779810e-3 1.12182268e-1 9.20344650e-2 6.59083605e-3 2.27730000e-3 4.55461000e-1 1 3.090000e1
6.640643e1 3.43481264e-1 6.02844529e0 0.00000000e0 4.60112685e0 1.08478011e-2 4.82370178e-3 1.12523708e-1 9.18865616e-2 6.61658180e-3 2.27730000e-3 4.55461000e-1 1 3.100000e1
6.650643e1 3.43481177e-1 6.02843391e0 0.00000000e0 4.60925939e0 1.08769172e-2 4.83957719e-3 1.12864514e-1 9.17390892e-2 6.64228654e-3 2.27730000e-3 4.55461000e-1 1 3.110000e1
6.660643e1 3.43481091e-1 6.02842256e0 0.00000000e0 4.61737535e0 1.09059767e-2 4.85542431e-3 1.13204686e-1 9.15920447e-2 6.66795016e-3 2.27730000e-3 4.55461000e-1 1 3.120000e1
6.670643e1 3.43481004e-1 6.02841123e0 0.00000000e0 4.62547479e0 1.09349797e-2 4.87124314e-3 1.13544225e-1 9.14454249e-2 6.69357258e-3 2.27730000e-3 4.55461000e-1 1 3.130000e1
6.680643e1 3.43480918e-1 6.02839992e0 0.00000000e0 4.63355773e0 1.09639263e-2 4.88703368e-3 1.13883131e-1 9.12992268e-2 6.71915370e-3 2.27730000e-3 4.55461000e-1 1 3.140000e1
6.690643e1 3.43480832e-1 6.02838863e0 0.00000000e0 4.64162425e0 1.09928165e-2 4.90279591e-3 1.14221405e-1 9.11534473e-2 6.74469343e-3 2.27730000e-3 4.55461000e-1 1 3.150000e1
6.700643e1 3.43480746e-1 6.02837736e0 0.00000000e0 4.64967437e0 1.10216505e-2 4.91852983e-3 1.14559046e-1 9.10080833e-2 6.77019169e-3 2.27730000e-3 4.55461000e-1 1 3.160000e1
6.710643e1 3.43480660e-1 6.02836611e0 0.00000000e0 4.65770814e0 1.10504283e-2 4.93423544e-3 1.14896056e-1 9.08631319e-2 6.79564840e-3 2.27730000e-3 4.55461000e-1 1 3.170000e1
6.720643e1 3.43480574e-1 6.02835489e0 0.00000000e0 4.66572561e0 1.10791500e-2 4.94991273e-3 1.15232434e-1 9.07185903e-2 6.82106348e-3 2.27730000e-3 4.55461000e-1 1 3.180000e1
6.730643e1 3.43480489e-1 6.02834368e0 0.00000000e0 4.67372682e0 1.11078156e-2 4.96556170e-3 1.15568181e-1 9.05744554e-2 6.84643685e-3 2.27730000e-3 4.55461000e-1 1 3.190000e1
6.740643e1 3.43480403e-1 6.02833250e0 0.00000000e0 4.68171182e0 1.11364253e-2 4.98118236e-3 1.15903298e-1 9.04307245e-2 6.87176844e-3 2.27730000e-3 4.55461000e-1 1 3.200000e1
6.750643e1 3.43480318e-1 6.02832134e0 0.00000000e0 4.68968065e0 1.11649791e-2 4.99677470e-3 1.16237784e-1 9.02873948e-2 6.89705817e-3 2.27730000e-3 4.55461000e-1 1 3.210000e1
6.760643e1 3.43480233e-1 6.02831020e0 0.00000000e0 4.69763335e0 1.11934770e-2 5.01233872e-3 1.16571640e-1 9.01444634e-2 6.92230599e-3 2.27730000e-3 4.55461000e-1 1 3.220000e1
6.770643e1 3.43480148e-1 6.02829908e0 0.00000000e0 4.70556997e0 1.12219192e-2 5.02787443e-3 1.16904867e-1 9.00019277e-2 6.94751182e-3 2.27730000e-3 4.55461000e-1 1 3.230000e1
6.780645e1 3.43480063e-1 6.02828798e0 0.00000000e0 4.71349253e0 1.12503129e-2 5.04338571e-3 1.17237548e-1 8.98597494e-2 6.97268189e-3 2.27730000e-3 4.55461000e-1 1 3.240002e1
6.790645e1 3.43479979e-1 6.02827690e0 0.00000000e0 4.72139711e0 1.12786439e-2 5.05886479e-3 1.17569517e-1 8.97179970e-2 6.99780355e-3 2.27730000e-3 4.55461000e-1 1 3.250002e1
6.800645e1 3.43479894e-1 6.02826584e0 0.00000000e0 4.72928573e0 1.13069193e-2 5.07431558e-3 1.17900859e-1 8.95766323e-2 7.02288305e-3 2.27730000e-3 4.55461000e-1 1 3.260002e1
6.810645e1 3.43479810e-1 6.02825481e0 0.00000000e0 4.73715845e0 1.13351393e-2 5.08973808e-3 1.18231573e-1 8.94356527e-2 7.04792033e-3 2.27730000e-3 4.55461000e-1 1 3.270002e1
6.820645e1 3.43479726e-1 6.02824379e0 0.00000000e0 4.74501529e0 1.13633040e-2 5.10513229e-3 1.18561660e-1 8.92950556e-2 7.07291534e-3 2.27730000e-3 4.55461000e-1 1 3.280002e1
6.830645e1 3.43479642e-1 6.02823280e0 0.00000000e0 4.75285631e0 1.13914134e-2 5.12049822e-3 1.18891120e-1 8.91548385e-2 7.09786803e-3 2.27730000e-3 4.55461000e-1 1 3.290002e1
6.840645e1 3.43479558e-1 6.02822182e0 0.00000000e0 4.76068154e0 1.14194677e-2 5.13583588e-3 1.19219955e-1 8.90149989e-2 7.12277835e-3 2.27730000e-3 4.55461000e-1 1 3.300002e1
6.850645e1 3.43479475e-1 6.02821087e0 0.00000000e0 4.76849102e0 1.14474668e-2 5.15114528e-3 1.19548164e-1 8.88755344e-2 7.14764626e-3 2.27730000e-3 4.55461000e-1 1 3.310002e1
6.860645e1 3.43479391e-1 6.02819994e0 0.00000000e0 4.77628480e0 1.14754109e-2 5.16642643e-3 1.19875749e-1 8.87364426e-2 7.17247172e-3 2.27730000e-3 4.55461000e-1 1 3.320002e1
6.870645e1 3.43479308e-1 6.02818903e0 0.00000000e0 4.78406292e0 1.15033001e-2 5.18167934e-3 1.20202710e-1 8.85977210e-2 7.19725467e-3 2.27730000e-3 4.55461000e-1 1 3.330002e1
6.880645e1 3.43479225e-1 6.02817814e0 0.00000000e0 4.79182541e0 1.15311344e-2 5.19690403e-3 1.20529047e-1 8.84593673e-2 7.22199510e-3 2.27730000e-3 4.55461000e-1 1 3.340002e1
6.890645e1 3.43479142e-1 6.02816727e0 0.00000000e0 4.79957232e0 1.15589139e-2 5.21210051e-3 1.20854761e-1 8.83213792e-2 7.24669296e-3 2.27730000e-3 4.55461000e-1 1 3.350002e1
6.900645e1 3.43479059e-1 6.02815643e0 0.00000000e0 4.80730369e0 1.15866388e-2 5.22726879e-3 1.21179852e-1 8.81837544e-2 7.27134821e-3 2.27730000e-3 4.55461000e-1 1 3.360002e1
6.910645e1 3.43478976e-1 6.02814560e0 0.00000000e0 4.81501955e0 1.16143090e-2 5.24240889e-3 1.21504322e-1 8.80464906e-2 7.29596083e-3 2.27730000e-3 4.55461000e-1 1 3.370002e1
6.920645e1 3.43478894e-1 6.02813479e0 0.00000000e0 4.82271995e0 1.16419248e-2 5.25752082e-3 1.21828171e-1 8.79095856e-2 7.32053078e-3 2.27730000e-3 4.55461000e-1 1 3.380002e1
6.930645e1 3.43478811e-1 6.02812401e0 0.00000000e0 4.83040492e0 1.16694861e-2 5.27260459e-3 1.22151400e-1 8.77730372e-2 7.34505804e-3 2.27730000e-3 4.55461000e-1 1 3.390002e1
6.940645e1 3.43478729e-1 6.02811324e0 0.00000000e0 4.83807451e0 1.16969930e-2 5.28766023e-3 1.22474008e-1 8.76368432e-2 7.36954259e-3 2.27730000e-3 4.55461000e-1 1 3.400002e1
6.950645e1 3.43478647e-1 6.02810250e0 0.00000000e0 4.84572875e0 1.17244457e-2 5.30268776e-3 1.22795998e-1 8.75010014e-2 7.39398440e-3 2.27730000e-3 4.55461000e-1 1 3.410002e1
6.960645e1 3.43478565e-1 6.02809178e0 0.00000000e0 4.85336769e0 1.17518442e-2 5.31768718e-3 1.23117369e-1 8.73655098e-2 7.41838344e-3 2.27730000e-3 4.55461000e-1 1 3.420002e1
6.970645e1 3.43478483e-1 6.02808108e0 0.00000000e0 4.86099135e0 1.17791886e-2 5.33265853e-3 1.23438123e-1 8.72303662e-2 7.44273970e-3 2.27730000e-3 4.55461000e-1 1 3.430002e1
6.980645e1 3.43478402e-1 6.02807039e0 0.00000000e0 4.86859979e0 1.18064791e-2 5.34760181e-3 1.23758259e-1 8.70955686e-2 7.46705317e-3 2.27730000e-3 4.55461000e-1 1 3.440002e1
6.990645e1 3.43478320e-1 6.02805973e0 0.00000000e0 4.87619303e0 1.18337156e-2 5.36251705e-3 1.24077779e-1 8.69611149e-2 7.49132382e-3 2.27730000e-3 4.55461000e-1 1 3.450002e1
7.000645e1 3.43478239e-1 6.02804909e0 0.00000000e0 4.88377111e0 1.18608983e-2 5.37740427e-3 1.24396684e-1 8.68270031e-2 7.51555164e-3 2.27730000e-3 4.55461000e-1 1 3.460002e1
7.010645e1 3.43478158e-1 6.02803847e0 0.00000000e0 4.89133408e0 1.18880272e-2 5.39226350e-3 1.24714974e-1 8.66932312e-2 7.53973662e-3 2.27730000e-3 4.55461000e-1 1 3.470002e1
7.020645e1 3.43478077e-1 6.02802787e0 0.00000000e0 4.89888196e0 1.19151025e-2 5.40709474e-3 1.25032649e-1 8.65597973e-2 7.56387875e-3 2.27730000e-3 4.55461000e-1 1 3.480002e1
7.030645e1 3.43477996e-1 6.02801729e0 0.00000000e0 4.90641481e0 1.19421242e-2 5.42189804e-3 1.25349711e-1 8.64266994e-2 7.58797802e-3 2.27730000e-3 4.55461000e-1 1 3.490002e1
7.040645e1 3.43477915e-1 6.02800673e0 0.00000000e0 4.91393264e0 1.19690925e-2 5.43667340e-3 1.25666161e-1 8.62939356e-2 7.61203442e-3 2.27730000e-3 4.55461000e-1 1 3.500002e1
7.050645e1 3.43477835e-1 6.02799620e0 0.00000000e0 4.92143551e0 1.19960073e-2 5.45142085e-3 1.25981999e-1 8.61615041e-2 7.63604795e-3 2.27730000e-3 4.55461000e-1 1 3.510002e1
7.060645e1 3.43477754e-1 6.02798568e0 0.00000000e0 4.92892344e0 1.20228689e-2 5.46614043e-3 1.26297225e-1 8.60294028e-2 7.66001860e-3 2.27730000e-3 4.55461000e-1 1 3.520002e1
7.070645e1 3.43477674e-1 6.02797518e0 0.00000000e0 4.93639647e0 1.20496773e-2 5.48083214e-3 1.26611842e-1 8.58976301e-2 7.68394637e-3 2.27730000e-3 4.55461000e-1 1 3.530002e1
7.080645e1 3.43477594e-1 6.02796471e0 0.00000000e0 4.94385464e0 1.20764325e-2 5.49549603e-3 1.26925848e-1 8.57661841e-2 7.70783126e-3 2.27730000e-3 4.55461000e-1 1 3.540002e1
7.090645e1 3.43477514e-1 6.02795425e0 0.00000000e0 4.95129799e0 1.21031347e-2 5.51013210e-3 1.27239246e-1 8.56350629e-2 7.73167327e-3 2.27730000e-3 4.55461000e-1 1 3.550002e1
7.100645e1 3.43477435e-1 6.02794381e0 0.00000000e0 4.95872655e0 1.21297840e-2 5.52474040e-3 1.27552036e-1 8.55042649e-2 7.75547240e-3 2.27730000e-3 4.55461000e-1 1 3.560002e1
7.110645e1 3.43477355e-1 6.02793340e0 0.00000000e0 4.96614035e0 1.21563805e-2 5.53932095e-3 1.27864219e-1 8.53737882e-2 7.77922866e-3 2.27730000e-3 4.55461000e-1 1 3.570002e1
7.120645e1 3.43477276e-1 6.02792300e0 0.00000000e0 4.97353944e0 1.21829242e-2 5.55387377e-3 1.28175796e-1 8.52436311e-2 7.80294205e-3 2.27730000e-3 4.55461000e-1 1 3.580002e1
7.130645e1 3.43477196e-1 6.02791263e0 0.00000000e0 4.98092384e0 1.22094152e-2 5.56839889e-3 1.28486767e-1 8.51137920e-2 7.82661258e-3 2.27730000e-3 4.55461000e-1 1 3.590002e1
7.140645e1 3.43477117e-1 6.02790227e0 0.00000000e0 4.98829360e0 1.22358537e-2 5.58289634e-3 1.28797133e-1 8.49842691e-2 7.85024026e-3 2.27730000e-3 4.55461000e-1 1 3.600002e1
7.150645e1 3.43477038e-1 6.02789194e0 0.00000000e0 4.99564874e0 1.22622396e-2 5.59736616e-3 1.29106895e-1 8.48550607e-2 7.87382509e-3 2.27730000e-3 4.55461000e-1 1 3.610002e1
7.160645e1 3.43476959e-1 6.02788162e0 0.00000000e0 5.00298930e0 1.22885732e-2 5.61180836e-3 1.29416055e-1 8.47261652e-2 7.89736708e-3 2.27730000e-3 4.55461000e-1 1 3.620002e1
7.170645e1 3.43476881e-1 6.02787133e0 0.00000000e0 5.01031532e0 1.23148545e-2 5.62622298e-3 1.29724612e-1 8.45975810e-2 7.92086626e-3 2.27730000e-3 4.55461000e-1 1 3.630002e1
7.180645e1 3.43476802e-1 6.02786105e0 0.00000000e0 5.01762683e0 1.23410836e-2 5.64061005e-3 1.30032568e-1 8.44693065e-2 7.94432262e-3 2.27730000e-3 4.55461000e-1 1 3.640002e1
7.190645e1 3.43476724e-1 6.02785080e0 0.00000000e0 5.02492387e0 1.23672606e-2 5.65496961e-3 1.30339923e-1 8.43413400e-2 7.96773619e-3 2.27730000e-3 4.55461000e-1 1 3.650002e1
7.200645e1 3.43476645e-1 6.02784056e0 0.00000000e0 5.03220646e0 1.23933856e-2 5.66930167e-3 1.30646679e-1 8.42136800e-2 7.99110699e-3 2.27730000e-3 4.55461000e-1 1 3.660002e1
7.210645e1 3.43476567e-1 6.02783035e0 0.00000000e0 5.03947465e0 1.24194586e-2 5.68360628e-3 1.30952836e-1 8.40863250e-2 8.01443501e-3 2.27730000e-3 4.55461000e-1 1 3.670002e1
7.220645e1 3.43476490e-1 6.02782015e0 0.00000000e0 5.04672846e0 1.24454798e-2 5.69788346e-3 1.31258396e-1 8.39592734e-2 8.03772030e-3 2.27730000e-3 4.55461000e-1 1 3.680002e1
7.230645e1 3.43476412e-1 6.02780998e0 0.00000000e0 5.05396793e0 1.24714493e-2 5.71213324e-3 1.31563358e-1 8.38325237e-2 8.06096286e-3 2.27730000e-3 4.55461000e-1 1 3.690002e1
7.240645e1 3.43476334e-1 6.02779983e0 0.00000000e0 5.06119309e0 1.24973671e-2 5.72635567e-3 1.31867724e-1 8.37060744e-2 8.08416272e-3 2.27730000e-3 4.55461000e-1 1 3.700002e1
7.250645e1 3.43476257e-1 6.02778969e0 0.00000000e0 5.06840399e0 1.25232334e-2 5.74055077e-3 1.32171495e-1 8.35799240e-2 8.10731989e-3 2.27730000e-3 4.55461000e-1 1 3.710002e1
7.260645e1 3.43476179e-1 6.02777958e0 0.00000000e0 5.07560064e0 1.25490482e-2 5.75471858e-3 1.32474672e-1 8.34540711e-2 8.13043441e-3 2.27730000e-3 4.55461000e-1 1 3.720002e1
7.270645e1 3.43476102e-1 6.02776948e0 0.00000000e0 5.08278308e0 1.25748116e-2 5.76885912e-3 1.32777255e-1 8.33285142e-2 8.15350629e-3 2.27730000e-3 4.55461000e-1 1 3.730002e1
7.280645e1 3.43476025e-1 6.02775941e0 0.00000000e0 5.08995134e0 1.26005238e-2 5.78297244e-3 1.33079246e-1 8.32032519e-2 8.17653555e-3 2.27730000e-3 4.55461000e-1 1 3.740002e1
7.290645e1 3.43475948e-1 6.02774935e0 0.00000000e0 5.09710547e0 1.26261848e-2 5.79705857e-3 1.33380645e-1 8.30782827e-2 8.19952223e-3 2.27730000e-3 4.55461000e-1 1 3.750002e1
7.300645e1 3.43475872e-1 6.02773931e0 0.00000000e0 5.10424548e0 1.26517947e-2 5.81111754e-3 1.33681453e-1 8.29536053e-2 8.22246635e-3 2.27730000e-3 4.55461000e-1 1 3.760002e1
7.310645e1 3.43475795e-1 6.02772930e0 0.00000000e0 5.11137142e0 1.26773536e-2 5.82514939e-3 1.33981672e-1 8.28292183e-2 8.24536795e-3 2.27730000e-3 4.55461000e-1 1 3.770002e1
7.320645e1 3.43475719e-1 6.02771930e0 0.00000000e0 5.11848331e0 1.27028616e-2 5.83915415e-3 1.34281302e-1 8.27051204e-2 8.26822703e-3 2.27730000e-3 4.55461000e-1 1 3.780002e1
7.330645e1 3.43475642e-1 6.02770933e0 0.00000000e0 5.12558119e0 1.27283188e-2 5.85313186e-3 1.34580344e-1 8.25813101e-2 8.29104365e-3 2.27730000e-3 4.55461000e-1 1 3.790002e1
7.340645e1 3.43475566e-1 6.02769937e0 0.00000000e0 5.13266509e0 1.27537252e-2 5.86708256e-3 1.34878799e-1 8.24577862e-2 8.31381782e-3 2.27730000e-3 4.55461000e-1 1 3.800002e1
7.350645e1 3.43475490e-1 6.02768943e0 0.00000000e0 5.13973504e0 1.27790811e-2 5.88100627e-3 1.35176667e-1 8.23345473e-2 8.33654959e-3 2.27730000e-3 4.55461000e-1 1 3.810002e1
7.360645e1 3.43475414e-1 6.02767951e0 0.00000000e0 5.14679106e0 1.28043865e-2 5.89490305e-3 1.35473951e-1 8.22115921e-2 8.35923897e-3 2.27730000e-3 4.55461000e-1 1 3.820002e1
7.370645e1 3.43475339e-1 6.02766961e0 0.00000000e0 5.15383321e0 1.28296414e-2 5.90877292e-3 1.35770651e-1 8.20889194e-2 8.38188602e-3 2.27730000e-3 4.55461000e-1 1 3.830002e1
7.380645e1 3.43475263e-1 6.02765974e0 0.00000000e0 5.16086149e0 1.28548460e-2 5.92261592e-3 1.36066767e-1 8.19665278e-2 8.40449075e-3 2.27730000e-3 4.55461000e-1 1 3.840002e1
7.390645e1 3.43475188e-1 6.02764988e0 0.00000000e0 5.16787596e0 1.28800003e-2 5.93643209e-3 1.36362301e-1 8.18444162e-2 8.42705320e-3 2.27730000e-3 4.55461000e-1 1 3.850002e1
7.400645e1 3.43475113e-1 6.02764004e0 0.00000000e0 5.17487663e0 1.29051045e-2 5.95022147e-3 1.36657253e-1 8.17225831e-2 8.44957342e-3 2.27730000e-3 4.55461000e-1 1 3.860002e1
7.410645e1 3.43475037e-1 6.02763022e0 0.00000000e0 5.18186353e0 1.29301586e-2 5.96398410e-3 1.36951625e-1 8.16010276e-2 8.47205144e-3 2.27730000e-3 4.55461000e-1 1 3.870002e1
7.420645e1 3.43474963e-1 6.02762041e0 0.00000000e0 5.18883671e0 1.29551628e-2 5.97772000e-3 1.37245418e-1 8.14797482e-2 8.49448729e-3 2.27730000e-3 4.55461000e-1 1 3.880002e1
7.430645e1 3.43474888e-1 6.02761063e0 0.00000000e0 5.19579619e0 1.29801171e-2 5.99142923e-3 1.37538632e-1 8.13587438e-2 8.51688101e-3 2.27730000e-3 4.55461000e-1 1 3.890002e1
7.440645e1 3.43474813e-1 6.02760087e0 0.00000000e0 5.20274199e0 1.30050217e-2 6.00511182e-3 1.37831269e-1 8.12380132e-2 8.53923265e-3 2.27730000e-3 4.55461000e-1 1 3.900002e1
7.450645e1 3.43474739e-1 6.02759113e0 0.00000000e0 5.20967416e0 1.30298765e-2 6.01876781e-3 1.38123329e-1 8.11175553e-2 8.56154224e-3 2.27730000e-3 4.55461000e-1 1 3.910002e1
7.460645e1 3.43474664e-1 6.02758140e0 0.00000000e0 5.21659272e0 1.30546818e-2 6.03239723e-3 1.38414813e-1 8.09973688e-2 8.58380982e-3 2.27730000e-3 4.55461000e-1 1 3.920002e1
7.470645e1 3.43474590e-1 6.02757170e0 0.00000000e0 5.22349769e0 1.30794377e-2 6.04600013e-3 1.38705723e-1 8.08774526e-2 8.60603543e-3 2.27730000e-3 4.55461000e-1 1 3.930002e1
7.480645e1 3.43474516e-1 6.02756201e0 0.00000000e0 5.23038912e0 1.31041441e-2 6.05957655e-3 1.38996059e-1 8.07578056e-2 8.62821912e-3 2.27730000e-3 4.55461000e-1 1 3.940002e1
7.490645e1 3.43474442e-1 6.02755234e0 0.00000000e0 5.23726703e0 1.31288012e-2 6.07312653e-3 1.39285823e-1 8.06384266e-2 8.65036094e-3 2.27730000e-3 4.55461000e-1 1 3.950002e1
7.500645e1 3.43474368e-1 6.02754270e0 0.00000000e0 5.24413145e0 1.31534091e-2 6.08665010e-3 1.39575015e-1 8.05193146e-2 8.67246091e-3 2.27730000e-3 4.55461000e-1 1 3.960002e1
7.510645e1 3.43474295e-1 6.02753307e0 0.00000000e0 5.25098241e0 1.31779679e-2 6.10014731e-3 1.39863636e-1 8.04004683e-2 8.69451909e-3 2.27730000e-3 4.55461000e-1 1 3.970002e1
7.520645e1 3.43474221e-1 6.02752346e0 0.00000000e0 5.25781994e0 1.32024777e-2 6.11361820e-3 1.40151687e-1 8.02818868e-2 8.71653552e-3 2.27730000e-3 4.55461000e-1 1 3.980002e1
7.530645e1 3.43474148e-1 6.02751387e0 0.00000000e0 5.26464407e0 1.32269386e-2 6.12706280e-3 1.40439169e-1 8.01635689e-2 8.73851025e-3 2.27730000e-3 4.55461000e-1 1 3.990002e1
7.540645e1 3.43474075e-1 6.02750429e0 0.00000000e0 5.27145483e0 1.32513507e-2 6.14048117e-3 1.40726084e-1 8.00455136e-2 8.76044331e-3 2.27730000e-3 4.55461000e-1 1 4.000002e1
7.550645e1 3.43474002e-1 6.02749474e0 0.00000000e0 5.27825225e0 1.32757140e-2 6.15387333e-3 1.41012432e-1 7.99277198e-2 8.78233477e-3 2.27730000e-3 4.55461000e-1 1 4.010002e1
7.560645e1 3.43473929e-1 6.02748521e0 0.00000000e0 5.28503635e0 1.33000287e-2 6.16723933e-3 1.41298214e-1 7.98101864e-2 8.80418466e-3 2.27730000e-3 4.55461000e-1 1 4.020002e1
7.570645e1 3.43473856e-1 6.02747569e0 0.00000000e0 5.29180717e0 1.33242949e-2 6.18057921e-3 1.41583431e-1 7.96929124e-2 8.82599304e-3 2.27730000e-3 4.55461000e-1 1 4.030002e1
7.580645e1 3.43473783e-1 6.02746620e0 0.00000000e0 5.29856474e0 1.33485126e-2 6.19389302e-3 1.41868085e-1 7.95758969e-2 8.84775995e-3 2.27730000e-3 4.55461000e-1 1 4.040002e1
7.590645e1 3.43473711e-1 6.02745672e0 0.00000000e0 5.30530908e0 1.33726819e-2 6.20718079e-3 1.42152175e-1 7.94591387e-2 8.86948544e-3 2.27730000e-3 4.55461000e-1 1 4.050002e1
7.600645e1 3.43473638e-1 6.02744726e0 0.00000000e0 5.31204022e0 1.33968030e-2 6.22044256e-3 1.42435704e-1 7.93426369e-2 8.89116955e-3 2.27730000e-3 4.55461000e-1 1 4.060002e1
7.610645e1 3.43473566e-1 6.02743782e0 0.00000000e0 5.31875819e0 1.34208760e-2 6.23367838e-3 1.42718672e-1 7.92263904e-2 8.91281235e-3 2.27730000e-3 4.55461000e-1 1 4.070002e1
7.620645e1 3.43473494e-1 6.02742840e0 0.00000000e0 5.32546303e0 1.34449008e-2 6.24688829e-3 1.43001080e-1 7.91103983e-2 8.93441388e-3 2.27730000e-3 4.55461000e-1 1 4.080002e1
7.630645e1 3.43473422e-1 6.02741900e0 0.00000000e0 5.33215475e0 1.34688777e-2 6.26007234e-3 1.43282929e-1 7.89946597e-2 8.95597419e-3 2.27730000e-3 4.55461000e-1 1 4.090002e1
7.640645e1 3.43473350e-1 6.02740961e0 0.00000000e0 5.33883338e0 1.34928067e-2 6.27323055e-3 1.43564221e-1 7.88791734e-2 8.97749333e-3 2.27730000e-3 4.55461000e-1 1 4.100002e1
7.650645e1 3.43473279e-1 6.02740025e0 0.00000000e0 5.34549897e0 1.35166880e-2 6.28636299e-3 1.43844955e-1 7.87639387e-2 8.99897135e-3 2.27730000e-3 4.55461000e-1 1 4.110002e1
7.660645e1 3.43473207e-1 6.02739090e0 0.00000000e0 5.35215152e0 1.35405215e-2 6.29946968e-3 1.44125134e-1 7.86489544e-2 9.02040831e-3 2.27730000e-3 4.55461000e-1 1 4.120002e1
7.670645e1 3.43473136e-1 6.02738157e0 0.00000000e0 5.35879107e0 1.35643074e-2 6.31255067e-3 1.44404758e-1 7.85342198e-2 9.04180426e-3 2.27730000e-3 4.55461000e-1 1 4.130002e1
7.680645e1 3.43473065e-1 6.02737226e0 0.00000000e0 5.36541766e0 1.35880459e-2 6.32560601e-3 1.44683828e-1 7.84197338e-2 9.06315925e-3 2.27730000e-3 4.55461000e-1 1 4.140002e1
7.690645e1 3.43472994e-1 6.02736297e0 0.00000000e0 5.37203130e0 1.36117369e-2 6.33863573e-3 1.44962345e-1 7.83054956e-2 9.08447334e-3 2.27730000e-3 4.55461000e-1 1 4.150002e1
7.700645e1 3.43472923e-1 6.02735370e0 0.00000000e0 5.37863202e0 1.36353806e-2 6.35163988e-3 1.45240310e-1 7.81915042e-2 9.10574658e-3 2.27730000e-3 4.55461000e-1 1 4.160002e1
7.710645e1 3.43472852e-1 6.02734444e0 0.00000000e0 5.38521986e0 1.36589770e-2 6.36461851e-3 1.45517725e-1 7.80777587e-2 9.12697902e-3 2.27730000e-3 4.55461000e-1 1 4.170002e1
7.720645e1 3.43472781e-1 6.02733521e0 0.00000000e0 5.39179483e0 1.36825264e-2 6.37757165e-3 1.45794589e-1 7.79642583e-2 9.14817072e-3 2.27730000e-3 4.55461000e-1 1 4.180002e1
7.730645e1 3.43472711e-1 6.02732599e0 0.00000000e0 5.39835697e0 1.37060287e-2 6.39049935e-3 1.46070905e-1 7.78510020e-2 9.16932174e-3 2.27730000e-3 4.55461000e-1 1 4.190002e1
7.740645e1 3.43472640e-1 6.02731679e0 0.00000000e0 5.40490630e0 1.37294841e-2 6.40340165e-3 1.46346673e-1 7.77379889e-2 9.19043212e-3 2.27730000e-3 4.55461000e-1 1 4.200002e1
7.750645e1 3.43472570e-1 6.02730761e0 0.00000000e0 5.41144286e0 1.37528926e-2 6.41627859e-3 1.46621895e-1 7.76252183e-2 9.21150194e-3 2.27730000e-3 4.55461000e-1 1 4.210002e1
7.760645e1 3.43472500e-1 6.02729844e0 0.00000000e0 5.41796666e0 1.37762543e-2 6.42913023e-3 1.46896570e-1 7.75126892e-2 9.23253123e-3 2.27730000e-3 4.55461000e-1 1 4.220002e1
7.770645e1 3.43472430e-1 6.02728930e0 0.00000000e0 5.42447774e0 1.37995694e-2 6.44195660e-3 1.47170701e-1 7.74004008e-2 9.25352007e-3 2.27730000e-3 4.55461000e-1 1 4.230002e1
7.780645e1 3.43472360e-1 6.02728017e0 0.00000000e0 5.43097612e0 1.38228380e-2 6.45475774e-3 1.47444288e-1 7.72883522e-2 9.27446851e-3 2.27730000e-3 4.55461000e-1 1 4.240002e1
7.790645e1 3.43472291e-1 6.02727106e0 0.00000000e0 5.43746182e0 1.38460600e-2 6.46753371e-3 1.47717333e-1 7.71765426e-2 9.29537659e-3 2.27730000e-3 4.55461000e-1 1 4.250002e1
7.800645e1 3.43472221e-1 6.02726197e0 0.00000000e0 5.44393489e0 1.38692357e-2 6.48028453e-3 1.47989835e-1 7.70649712e-2 9.31624440e-3 2.27730000e-3 4.55461000e-1 1 4.260002e1
7.810645e1 3.43472152e-1 6.02725290e0 0.00000000e0 5.45039533e0 1.38923650e-2 6.49301027e-3 1.48261797e-1 7.69536371e-2 9.33707197e-3 2.27730000e-3 4.55461000e-1 1 4.270002e1
7.820645e1 3.43472082e-1 6.02724384e0 0.00000000e0 5.45684319e0 1.39154482e-2 6.50571096e-3 1.48533219e-1 7.68425395e-2 9.35785937e-3 2.27730000e-3 4.55461000e-1 1 4.280002e1
7.830645e1 3.43472013e-1 6.02723481e0 0.00000000e0 5.46327848e0 1.39384853e-2 6.51838664e-3 1.48804103e-1 7.67316777e-2 9.37860666e-3 2.27730000e-3 4.55461000e-1 1 4.290002e1
7.840645e1 3.43471944e-1 6.02722579e0 0.00000000e0 5.46970123e0 1.39614763e-2 6.53103736e-3 1.49074449e-1 7.66210508e-2 9.39931390e-3 2.27730000e-3 4.55461000e-1 1 4.300002e1
7.850645e1 3.43471875e-1 6.02721679e0 0.00000000e0 5.47611146e0 1.39844215e-2 6.54366317e-3 1.49344258e-1 7.65106581e-2 9.41998114e-3 2.27730000e-3 4.55461000e-1 1 4.310002e1
7.860645e1 3.43471807e-1 6.02720781e0 0.00000000e0 5.48250922e0 1.40073208e-2 6.55626410e-3 1.49613531e-1 7.64004986e-2 9.44060845e-3 2.27730000e-3 4.55461000e-1 1 4.320002e1
7.870645e1 3.43471738e-1 6.02719884e0 0.00000000e0 5.48889451e0 1.40301743e-2 6.56884020e-3 1.49882270e-1 7.62905718e-2 9.46119588e-3 2.27730000e-3 4.55461000e-1 1 4.330002e1
7.880645e1 3.43471670e-1 6.02718989e0 0.00000000e0 5.49526737e0 1.40529823e-2 6.58139153e-3 1.50150475e-1 7.61808767e-2 9.48174351e-3 2.27730000e-3 4.55461000e-1 1 4.340002e1
7.890645e1 3.43471601e-1 6.02718096e0 0.00000000e0 5.50162782e0 1.40757446e-2 6.59391811e-3 1.50418148e-1 7.60714127e-2 9.50225137e-3 2.27730000e-3 4.55461000e-1 1 4.350002e1
7.900645e1 3.43471533e-1 6.02717205e0 0.00000000e0 5.50797589e0 1.40984616e-2 6.60642000e-3 1.50685289e-1 7.59621789e-2 9.52271955e-3 2.27730000e-3 4.55461000e-1 1 4.360002e1
7.910645e1 3.43471465e-1 6.02716316e0 0.00000000e0 5.51431160e0 1.41211331e-2 6.61889723e-3 1.50951900e-1 7.58531746e-2 9.54314810e-3 2.27730000e-3 4.55461000e-1 1 4.370002e1
7.920645e1 3.43471397e-1 6.02715428e0 0.00000000e0 5.52063498e0 1.41437594e-2 6.63134986e-3 1.51217981e-1 7.57443991e-2 9.56353707e-3 2.27730000e-3 4.55461000e-1 1 4.380002e1
7.930645e1 3.43471329e-1 6.02714542e0 0.00000000e0 5.52694606e0 1.41663405e-2 6.64377793e-3 1.51483533e-1 7.56358516e-2 9.58388654e-3 2.27730000e-3 4.55461000e-1 1 4.390002e1
7.940645e1 3.43471262e-1 6.02713658e0 0.00000000e0 5.53324486e0 1.41888764e-2 6.65618149e-3 1.51748558e-1 7.55275314e-2 9.60419656e-3 2.27730000e-3 4.55461000e-1 1 4.400002e1
7.950645e1 3.43471194e-1 6.02712776e0 0.00000000e0 5.53953140e0 1.42113674e-2 6.66856056e-3 1.52013056e-1 7.54194378e-2 9.62446720e-3 2.27730000e-3 4.55461000e-1 1 4.410002e1
7.960645e1 3.43471127e-1 6.02711895e0 0.00000000e0 5.54580572e0 1.42338135e-2 6.68091522e-3 1.52277029e-1 7.53115700e-2 9.64469851e-3 2.27730000e-3 4.55461000e-1 1 4.420002e1
7.970645e1 3.43471060e-1 6.02711016e0 0.00000000e0 5.55206783e0 1.42562148e-2 6.69324548e-3 1.52540477e-1 7.52039273e-2 9.66489056e-3 2.27730000e-3 4.55461000e-1 1 4.430002e1
7.980645e1 3.43470993e-1 6.02710139e0 0.00000000e0 5.55831777e0 1.42785713e-2 6.70555141e-3 1.52803402e-1 7.50965091e-2 9.68504342e-3 2.27730000e-3 4.55461000e-1 1 4.440002e1
7.990645e1 3.43470926e-1 6.02709264e0 0.00000000e0 5.56455555e0 1.43008832e-2 6.71783305e-3 1.53065804e-1 7.49893145e-2 9.70515714e-3 2.27730000e-3 4.55461000e-1 1 4.450002e1
8.000645e1 3.43470859e-1 6.02708390e0 0.00000000e0 5.57078121e0 1.43231505e-2 6.73009043e-3 1.53327685e-1 7.48823430e-2 9.72523178e-3 2.27730000e-3 4.55461000e-1 1 4.460002e1
8.010645e1 3.43470792e-1 6.02707518e0 0.00000000e0 5.57699476e0 1.43453734e-2 6.74232362e-3 1.53589046e-1 7.47755938e-2 9.74526742e-3 2.27730000e-3 4.55461000e-1 1 4.470002e1
8.020645e1 3.43470725e-1 6.02706648e0 0.00000000e0 5.58319624e0 1.43675519e-2 6.75453264e-3 1.53849887e-1 7.46690662e-2 9.76526411e-3 2.27730000e-3 4.55461000e-1 1 4.480002e1
8.030645e1 3.43470659e-1 6.02705780e0 0.00000000e0 5.58938566e0 1.43896862e-2 6.76671754e-3 1.54110209e-1 7.45627596e-2 9.78522193e-3 2.27730000e-3 4.55461000e-1 1 4.490002e1
8.040645e1 3.43470593e-1 6.02704913e0 0.00000000e0 5.59556306e0 1.44117762e-2 6.77887838e-3 1.54370014e-1 7.44566732e-2 9.80514092e-3 2.27730000e-3 4.55461000e-1 1 4.500002e1
8.050645e1 3.43470526e-1 6.02704048e0 0.00000000e0 5.60172845e0 1.44338222e-2 6.79101519e-3 1.54629303e-1 7.43508065e-2 9.82502116e-3 2.27730000e-3 4.55461000e-1 1 4.510002e1
8.060645e1 3.43470460e-1 6.02703185e0 0.00000000e0 5.60788186e0 1.44558242e-2 6.80312802e-3 1.54888076e-1 7.42451587e-2 9.84486270e-3 2.27730000e-3 4.55461000e-1 1 4.520002e1
8.070645e1 3.43470395e-1 6.02702323e0 0.00000000e0 5.61402332e0 1.44777822e-2 6.81521691e-3 1.55146335e-1 7.41397292e-2 9.86466562e-3 2.27730000e-3 4.55461000e-1 1 4.530002e1
8.080645e1 3.43470329e-1 6.02701463e0 0.00000000e0 5.62015285e0 1.44996964e-2 6.82728191e-3 1.55404080e-1 7.40345172e-2 9.88442998e-3 2.27730000e-3 4.55461000e-1 1 4.540002e1
8.090645e1 3.43470263e-1 6.02700605e0 0.00000000e0 5.62627048e0 1.45215669e-2 6.83932306e-3 1.55661313e-1 7.39295223e-2 9.90415584e-3 2.27730000e-3 4.55461000e-1 1 4.550002e1
8.100645e1 3.43470198e-1 6.02699749e0 0.00000000e0 5.63237622e0 1.45433937e-2 6.85134041e-3 1.55918035e-1 7.38247437e-2 9.92384327e-3 2.27730000e-3 4.55461000e-1 1 4.560002e1
8.110645e1 3.43470132e-1 6.02698894e0 0.00000000e0 5.63847011e0 1.45651770e-2 6.86333401e-3 1.56174246e-1 7.37201808e-2 9.94349233e-3 2.27730000e-3 4.55461000e-1 1 4.570002e1
8.120645e1 3.43470067e-1 6.02698041e0 0.00000000e0 5.64455217e0 1.45869168e-2 6.87530389e-3 1.56429948e-1 7.36158329e-2 9.96310308e-3 2.27730000e-3 4.55461000e-1 1 4.580002e1
8.130645e1 3.43470002e-1 6.02697190e0 0.00000000e0 5.65062242e0 1.46086132e-2 6.88725010e-3 1.56685141e-1 7.35116994e-2 9.98267560e-3 2.27730000e-3 4.55461000e-1 1 4.590002e1
8.140645e1 3.43469937e-1 6.02696340e0 0.00000000e0 5.65668089e0 1.46302664e-2 6.89917269e-3 1.56939827e-1 7.34077798e-2 1.00022099e-2 2.27730000e-3 4.55461000e-1 1 4.600002e1
8.150645e1 3.43469872e-1 6.02695492e0 0.00000000e0 5.66272759e0 1.46518763e-2 6.91107171e-3 1.57194007e-1 7.33040733e-2 1.00217062e-2 2.27730000e-3 4.55461000e-1 1 4.610002e1
8.160645e1 3.43469807e-1 6.02694646e0 0.00000000e0 5.66876256e0 1.46734431e-2 6.92294718e-3 1.57447681e-1 7.32005794e-2 1.00411644e-2 2.27730000e-3 4.55461000e-1 1 4.620002e1
8.170645e1 3.43469742e-1 6.02693801e0 0.00000000e0 5.67478582e0 1.46949669e-2 6.93479917e-3 1.57700851e-1 7.30972974e-2 1.00605846e-2 2.27730000e-3 4.55461000e-1 1 4.630002e1
8.180645e1 3.43469678e-1 6.02692958e0 0.00000000e0 5.68079739e0 1.47164478e-2 6.94662772e-3 1.57953517e-1 7.29942267e-2 1.00799669e-2 2.27730000e-3 4.55461000e-1 1 4.640002e1
8.190645e1 3.43469614e-1 6.02692117e0 0.00000000e0 5.68679730e0 1.47378858e-2 6.95843287e-3 1.58205681e-1 7.28913668e-2 1.00993113e-2 2.27730000e-3 4.55461000e-1 1 4.650002e1
8.200645e1 3.43469549e-1 6.02691277e0 0.00000000e0 5.69278556e0 1.47592810e-2 6.97021466e-3 1.58457344e-1 7.27887170e-2 1.01186180e-2 2.27730000e-3 4.55461000e-1 1 4.660002e1
8.210645e1 3.43469485e-1 6.02690440e0 0.00000000e0 5.69876221e0 1.47806336e-2 6.98197314e-3 1.58708506e-1 7.26862767e-2 1.01378869e-2 2.27730000e-3 4.55461000e-1 1 4.670002e1
8.220645e1 3.43469421e-1 6.02689603e0 0.00000000e0 5.70472727e0 1.48019436e-2 6.99370835e-3 1.58959169e-1 7.25840454e-2 1.01571182e-2 2.27730000e-3 4.55461000e-1 1 4.680002e1
8.230645e1 3.43469357e-1 6.02688769e0 0.00000000e0 5.71068076e0 1.48232111e-2 7.00542035e-3 1.59209333e-1 7.24820224e-2 1.01763120e-2 2.27730000e-3 4.55461000e-1 1 4.690002e1
8.240645e1 3.43469294e-1 6.02687936e0 0.00000000e0 5.71662270e0 1.48444362e-2 7.01710917e-3 1.59459000e-1 7.23802072e-2 1.01954682e-2 2.27730000e-3 4.55461000e-1 1 4.700002e1
8.250645e1 3.43469230e-1 6.02687105e0 0.00000000e0 5.72255311e0 1.48656189e-2 7.02877486e-3 1.59708170e-1 7.22785992e-2 1.02145869e-2 2.27730000e-3 4.55461000e-1 1 4.710002e1
8.260645e1 3.43469166e-1 6.02686275e0 0.00000000e0 5.72847203e0 1.48867595e-2 7.04041745e-3 1.59956845e-1 7.21771978e-2 1.02336683e-2 2.27730000e-3 4.55461000e-1 1 4.720002e1
8.270645e1 3.43469103e-1 6.02685447e0 0.00000000e0 5.73437947e0 1.49078579e-2 7.05203701e-3 1.60205026e-1 7.20760025e-2 1.02527123e-2 2.27730000e-3 4.55461000e-1 1 4.730002e1
8.280645e1 3.43469040e-1 6.02684621e0 0.00000000e0 5.74027546e0 1.49289142e-2 7.06363357e-3 1.60452713e-1 7.19750127e-2 1.02717191e-2 2.27730000e-3 4.55461000e-1 1 4.740002e1
8.290645e1 3.43468977e-1 6.02683796e0 0.00000000e0 5.74616001e0 1.49499285e-2 7.07520718e-3 1.60699907e-1 7.18742278e-2 1.02906887e-2 2.27730000e-3 4.55461000e-1 1 4.750002e1
8.300645e1 3.43468914e-1 6.02682973e0 0.00000000e0 5.75203316e0 1.49709010e-2 7.08675787e-3 1.60946610e-1 7.17736472e-2 1.03096212e-2 2.27730000e-3 4.55461000e-1 1 4.760002e1
8.310645e1 3.43468851e-1 6.02682152e0 0.00000000e0 5.75789493e0 1.49918316e-2 7.09828570e-3 1.61192823e-1 7.16732704e-2 1.03285166e-2 2.27730000e-3 4.55461000e-1 1 4.770002e1
8.320645e1 3.43468788e-1 6.02681332e0 0.00000000e0 5.76374533e0 1.50127205e-2 7.10979071e-3 1.61438546e-1 7.15730969e-2 1.03473750e-2 2.27730000e-3 4.55461000e-1 1 4.780002e1
8.330645e1 3.43468726e-1 6.02680514e0 0.00000000e0 5.76958440e0 1.50335678e-2 7.12127295e-3 1.61683780e-1 7.14731261e-2 1.03661965e-2 2.27730000e-3 4.55461000e-1 1 4.790002e1
8.340645e1 3.43468663e-1 6.02679698e0 0.00000000e0 5.77541215e0 1.50543736e-2 7.13273245e-3 1.61928527e-1 7.13733575e-2 1.03849812e-2 2.27730000e-3 4.55461000e-1 1 4.800002e1
8.350645e1 3.43468601e-1 6.02678883e0 0.00000000e0 5.78122861e0 1.50751379e-2 7.14416926e-3 1.62172787e-1 7.12737905e-2 1.04037291e-2 2.27730000e-3 4.55461000e-1 1 4.810002e1
8.360645e1 3.43468538e-1 6.02678069e0 0.00000000e0 5.78703380e0 1.50958608e-2 7.15558343e-3 1.62416562e-1 7.11744246e-2 1.04224402e-2 2.27730000e-3 4.55461000e-1 1 4.820002e1
8.370645e1 3.43468476e-1 6.02677258e0 0.00000000e0 5.79282774e0 1.51165425e-2 7.16697501e-3 1.62659852e-1 7.10752592e-2 1.04411147e-2 2.27730000e-3 4.55461000e-1 1 4.830002e1
8.380645e1 3.43468414e-1 6.02676448e0 0.00000000e0 5.79861046e0 1.51371829e-2 7.17834402e-3 1.62902658e-1 7.09762938e-2 1.04597526e-2 2.27730000e-3 4.55461000e-1 1 4.840002e1
8.390645e1 3.43468352e-1 6.02675639e0 0.00000000e0 5.80438197e0 1.51577822e-2 7.18969053e-3 1.63144981e-1 7.08775279e-2 1.04783540e-2 2.27730000e-3 4.55461000e-1 1 4.850002e1
8.400645e1 3.43468291e-1 6.02674833e0 0.00000000e0 5.81014231e0 1.51783405e-2 7.20101457e-3 1.63386823e-1 7.07789610e-2 1.04969189e-2 2.27730000e-3 4.55461000e-1 1 4.860002e1
8.410645e1 3.43468229e-1 6.02674027e0 0.00000000e0 5.81589148e0 1.51988579e-2 7.21231618e-3 1.63628184e-1 7.06805925e-2 1.05154474e-2 2.27730000e-3 4.55461000e-1 1 4.870002e1
8.420645e1 3.43468168e-1 6.02673224e0 0.00000000e0 5.82162953e0 1.52193343e-2 7.22359542e-3 1.63869065e-1 7.05824220e-2 1.05339396e-2 2.27730000e-3 4.55461000e-1 1 4.880002e1
8.430645e1 3.43468106e-1 6.02672422e0 0.00000000e0 5.82735646e0 1.52397700e-2 7.23485232e-3 1.64109468e-1 7.04844488e-2 1.05523955e-2 2.27730000e-3 4.55461000e-1 1 4.890002e1
8.440645e1 3.43468045e-1 6.02671621e0 0.00000000e0 5.83307230e0 1.52601651e-2 7.24608693e-3 1.64349392e-1 7.03866726e-2 1.05708153e-2 2.27730000e-3 4.55461000e-1 1 4.900002e1
8.450645e1 3.43467984e-1 6.02670823e0 0.00000000e0 5.83877707e0 1.52805195e-2 7.25729930e-3 1.64588840e-1 7.02890927e-2 1.05891989e-2 2.27730000e-3 4.55461000e-1 1 4.910002e1
8.460645e1 3.43467923e-1 6.02670025e0 0.00000000e0 5.84447079e0 1.53008333e-2 7.26848946e-3 1.64827811e-1 7.01917088e-2 1.06075465e-2 2.27730000e-3 4.55461000e-1 1 4.920002e1
8.470645e1 3.43467862e-1 6.02669230e0 0.00000000e0 5.85015349e0 1.53211067e-2 7.27965746e-3 1.65066308e-1 7.00945202e-2 1.06258581e-2 2.27730000e-3 4.55461000e-1 1 4.930002e1
8.480645e1 3.43467801e-1 6.02668436e0 0.00000000e0 5.85582519e0 1.53413398e-2 7.29080334e-3 1.65304331e-1 6.99975265e-2 1.06441337e-2 2.27730000e-3 4.55461000e-1 1 4.940002e1
8.490645e1 3.43467740e-1 6.02667643e0 0.00000000e0 5.86148591e0 1.53615326e-2 7.30192716e-3 1.65541880e-1 6.99007272e-2 1.06623735e-2 2.27730000e-3 4.55461000e-1 1 4.950002e1
8.500645e1 3.43467680e-1 6.02666852e0 0.00000000e0 5.86713567e0 1.53816852e-2 7.31302894e-3 1.65778958e-1 6.98041218e-2 1.06805776e-2 2.27730000e-3 4.55461000e-1 1 4.960002e1
8.510645e1 3.43467619e-1 6.02666063e0 0.00000000e0 5.87277450e0 1.54017977e-2 7.32410874e-3 1.66015564e-1 6.97077098e-2 1.06987458e-2 2.27730000e-3 4.55461000e-1 1 4.970002e1
8.520645e1 3.43467559e-1 6.02665275e0 0.00000000e0 5.87840241e0 1.54218702e-2 7.33516660e-3 1.66251700e-1 6.96114907e-2 1.07168785e-2 2.27730000e-3 4.55461000e-1 1 4.980002e1
8.530645e1 3.43467499e-1 6.02664489e0 0.00000000e0 5.88401943e0 1.54419027e-2 7.34620256e-3 1.66487367e-1 6.95154640e-2 1.07349755e-2 2.27730000e-3 4.55461000e-1 1 4.990002e1
8.540645e1 3.43467439e-1 6.02663704e0 0.00000000e0 5.88962557e0 1.54618954e-2 7.35721666e-3 1.66722565e-1 6.94196293e-2 1.07530370e-2 2.27730000e-3 4.55461000e-1 1 5.000002e1
8.550647e1 3.43467923e-1 6.02665136e0 0.00000000e0 5.88896416e0 1.53634455e-2 7.34508597e-3 1.66438317e-1 7.97232375e-5 1.05997913e-2 1.13865000e-3 4.55461000e-4 0 5.010002e1
8.560647e1 3.43468229e-1 6.02666724e0 0.00000000e0 5.88830186e0 1.53119757e-2 7.33239283e-3 1.66116280e-1 8.42901780e-5 1.05385185e-2 1.13865000e-3 4.55461000e-4 0 5.020002e1
8.570647e1 3.43468493e-1 6.02668277e0 0.00000000e0 5.88764004e0 1.52626834e-2 7.32022541e-3 1.65796634e-1 8.77516495e-5 1.04941565e-2 1.13865000e-3 4.55461000e-4 0 5.030002e1
8.580647e1 3.43468738e-1 6.02669792e0 0.00000000e0 5.88697860e0 1.52148010e-2 7.30840571e-3 1.65479113e-1 9.06409321e-5 1.04586166e-2 1.13865000e-3 4.55461000e-4 0 5.040002e1
8.590647e1 3.43468970e-1 6.02671273e0 0.00000000e0 5.88631751e0 1.51680984e-2 7.29683171e-3 1.65163346e-1 9.31639370e-5 1.04286663e-2 1.13865000e-3 4.55461000e-4 0 5.050002e1
8.600647e1 3.43469188e-1 6.02672719e0 0.00000000e0 5.88565673e0 1.51224299e-2 7.28544209e-3 1.64849076e-1 9.54261889e-5 1.04026254e-2 1.13865000e-3 4.55461000e-4 0 5.060002e1
8.610647e1 3.43469394e-1 6.02674134e0 0.00000000e0 5.88499625e0 1.50776868e-2 7.27419636e-3 1.64536112e-1 9.74903820e-5 1.03794928e-2 1.13865000e-3 4.55461000e-4 0 5.070002e1
8.620647e1 3.43469588e-1 6.02675519e0 0.00000000e0 5.88433604e0 1.50337832e-2 7.26306565e-3 1.64224315e-1 9.93973871e-5 1.03586169e-2 1.13865000e-3 4.55461000e-4 0 5.080002e1
8.630647e1 3.43469770e-1 6.02676877e0 0.00000000e0 5.88367608e0 1.49906489e-2 7.25202814e-3 1.63913575e-1 1.01175614e-4 1.03395461e-2 1.13865000e-3 4.55461000e-4 0 5.090002e1
8.640647e1 3.43469943e-1 6.02678210e0 0.00000000e0 5.88301638e0 1.49482249e-2 7.24106675e-3 1.63603804e-1 1.02845768e-4 1.03219523e-2 1.13865000e-3 4.55461000e-4 0 5.100002e1
8.650647e1 3.43470105e-1 6.02679518e0 0.00000000e0 5.88235691e0 1.49064611e-2 7.23016770e-3 1.63294931e-1 1.04423493e-4 1.03055883e-2 1.13865000e-3 4.55461000e-4 0 5.110002e1
8.660647e1 3.43470258e-1 6.02680804e0 0.00000000e0 5.88169767e0 1.48653140e-2 7.21931967e-3 1.62986899e-1 1.05920956e-4 1.02902622e-2 1.13865000e-3 4.55461000e-4 0 5.120002e1
8.670647e1 3.43470403e-1 6.02682070e0 0.00000000e0 5.88103865e0 1.48247456e-2 7.20851318e-3 1.62679658e-1 1.07347845e-4 1.02758217e-2 1.13865000e-3 4.55461000e-4 0 5.130002e1
8.680647e1 3.43470539e-1 6.02683316e0 0.00000000e0 5.88037985e0 1.47847224e-2 7.19774025e-3 1.62373169e-1 1.08712022e-4 1.02621433e-2 1.13865000e-3 4.55461000e-4 0 5.140002e1
8.690647e1 3.43470668e-1 6.02684544e0 0.00000000e0 5.87972125e0 1.47452143e-2 7.18699403e-3 1.62067397e-1 1.10019973e-4 1.02491251e-2 1.13865000e-3 4.55461000e-4 0 5.150002e1
8.700647e1 3.43470790e-1 6.02685754e0 0.00000000e0 5.87906286e0 1.47061947e-2 7.17626866e-3 1.61762313e-1 1.11277127e-4 1.02366821e-2 1.13865000e-3 4.55461000e-4 0 5.160002e1
8.710647e1 3.43470905e-1 6.02686949e0 0.00000000e0 5.87840467e0 1.46676392e-2 7.16555904e-3 1.61457893e-1 1.12488078e-4 1.02247421e-2 1.13865000e-3 4.55461000e-4 0 5.170002e1
8.720647e1 3.43471014e-1 6.02688129e0 0.00000000e0 5.87774667e0 1.46295259e-2 7.15486076e-3 1.61154116e-1 1.13656761e-4 1.02132433e-2 1.13865000e-3 4.55461000e-4 0 5.180002e1
8.730647e1 3.43471118e-1 6.02689295e0 0.00000000e0 5.87708886e0 1.45918348e-2 7.14416998e-3 1.60850964e-1 1.14786574e-4 1.02021322e-2 1.13865000e-3 4.55461000e-4 0 5.190002e1
8.740647e1 3.43471216e-1 6.02690447e0 0.00000000e0 5.87643124e0 1.45545476e-2 7.13348335e-3 1.60548423e-1 1.15880476e-4 1.01913622e-2 1.13865000e-3 4.55461000e-4 0 5.200002e1
8.750647e1 3.43471309e-1 6.02691587e0 0.00000000e0 5.87577380e0 1.45176476e-2 7.12279794e-3 1.60246480e-1 1.16941063e-4 1.01808923e-2 1.13865000e-3 4.55461000e-4 0 5.210002e1
8.760647e1 3.43471398e-1 6.02692715e0 0.00000000e0 5.87511653e0 1.44811193e-2 7.11211119e-3 1.59945126e-1 1.17970629e-4 1.01706859e-2 1.13865000e-3 4.55461000e-4 0 5.220002e1
8.770647e1 3.43471482e-1 6.02693832e0 0.00000000e0 5.87445945e0 1.44449483e-2 7.10142087e-3 1.59644352e-1 1.18971211e-4 1.01607107e-2 1.13865000e-3 4.55461000e-4 0 5.230002e1
8.780647e1 3.43471563e-1 6.02694938e0 0.00000000e0 5.87380254e0 1.44091216e-2 7.09072507e-3 1.59344152e-1 1.19944630e-4 1.01509375e-2 1.13865000e-3 4.55461000e-4 0 5.240002e1
8.790647e1 3.43471640e-1 6.02696034e0 0.00000000e0 5.87314579e0 1.43736269e-2 7.08002211e-3 1.59044520e-1 1.20892521e-4 1.01413401e-2 1.13865000e-3 4.55461000e-4 0 5.250002e1
8.800647e1 3.43471713e-1 6.02697120e0 0.00000000e0 5.87248922e0 1.43384527e-2 7.06931056e-3 1.58745454e-1 1.21816358e-4 1.01318948e-2 1.13865000e-3 4.55461000e-4 0 5.260002e1
8.810647e1 3.43471784e-1 6.02698198e0 0.00000000e0 5.87183282e0 1.43035885e-2 7.05858921e-3 1.58446950e-1 1.22717475e-4 1.01225798e-2 1.13865000e-3 4.55461000e-4 0 5.270002e1
8.820647e1 3.43471852e-1 6.02699267e0 0.00000000e0 5.87117657e0 1.42690243e-2 7.04785705e-3 1.58149008e-1 1.23597088e-4 1.01133756e-2 1.13865000e-3 4.55461000e-4 0 5.280002e1
8.830647e1 3.43471917e-1 6.02700328e0 0.00000000e0 5.87052049e0 1.42347509e-2 7.03711322e-3 1.57851628e-1 1.24456304e-4 1.01042642e-2 1.13865000e-3 4.55461000e-4 0 5.290002e1
8.840647e1 3.43471980e-1 6.02701381e0 0.00000000e0 5.86986457e0 1.42007597e-2 7.02635706e-3 1.57554811e-1 1.25296137e-4 1.00952291e-2 1.13865000e-3 4.55461000e-4 0 5.300002e1
8.850647e1 3.43472040e-1 6.02702427e0 0.00000000e0 5.86920881e0 1.41670424e-2 7.01558803e-3 1.57258558e-1 1.26117518e-4 1.00862551e-2 1.13865000e-3 4.55461000e-4 0 5.310002e1
8.860647e1 3.43472099e-1 6.02703465e0 0.00000000e0 5.86855320e0 1.41335916e-2 7.00480575e-3 1.56962873e-1 1.26921306e-4 1.00773285e-2 1.13865000e-3 4.55461000e-4 0 5.320002e1
8.870647e1 3.43472156e-1 6.02704497e0 0.00000000e0 5.86789774e0 1.41003999e-2 6.99400995e-3 1.56667758e-1 1.27708292e-4 1.00684365e-2 1.13865000e-3 4.55461000e-4 0 5.330002e1
8.880647e1 3.43472211e-1 6.02705522e0 0.00000000e0 5.86724244e0 1.40674608e-2 6.98320048e-3 1.56373217e-1 1.28479209e-4 1.00595675e-2 1.13865000e-3 4.55461000e-4 0 5.340002e1
8.890647e1 3.43472265e-1 6.02706541e0 0.00000000e0 5.86658729e0 1.40347678e-2 6.97237731e-3 1.56079256e-1 1.29234739e-4 1.00507107e-2 1.13865000e-3 4.55461000e-4 0 5.350002e1
8.900647e1 3.43472317e-1 6.02707555e0 0.00000000e0 5.86593229e0 1.40023149e-2 6.96154048e-3 1.55785879e-1 1.29975514e-4 1.00418562e-2 1.13865000e-3 4.55461000e-4 0 5.360002e1
8.910647e1 3.43472368e-1 6.02708562e0 0.00000000e0 5.86527744e0 1.39700966e-2 6.95069015e-3 1.55493092e-1 1.30702125e-4 1.00329952e-2 1.13865000e-3 4.55461000e-4 0 5.370002e1
8.920647e1 3.43472418e-1 6.02709564e0 0.00000000e0 5.86462273e0 1.39381074e-2 6.93982655e-3 1.55200901e-1 1.31415121e-4 1.00241193e-2 1.13865000e-3 4.55461000e-4 0 5.380002e1
8.930647e1 3.43472467e-1 6.02710561e0 0.00000000e0 5.86396817e0 1.39063425e-2 6.92894998e-3 1.54909314e-1 1.32115019e-4 1.00152210e-2 1.13865000e-3 4.55461000e-4 0 5.390002e1
8.940647e1 3.43472515e-1 6.02711552e0 0.00000000e0 5.86331375e0 1.38747969e-2 6.91806084e-3 1.54618336e-1 1.32802301e-4 1.00062935e-2 1.13865000e-3 4.55461000e-4 0 5.400002e1
8.950647e1 3.43472562e-1 6.02712539e0 0.00000000e0 5.86265948e0 1.38434662e-2 6.90715955e-3 1.54327975e-1 1.33477422e-4 9.99733064e-3 1.13865000e-3 4.55461000e-4 0 5.410002e1
8.960647e1 3.43472609e-1 6.02713521e0 0.00000000e0 5.86200534e0 1.38123461e-2 6.89624662e-3 1.54038240e-1 1.34140808e-4 9.98832676e-3 1.13865000e-3 4.55461000e-4 0 5.420002e1
8.970647e1 3.43472655e-1 6.02714498e0 0.00000000e0 5.86135135e0 1.37814326e-2 6.88532261e-3 1.53749136e-1 1.34792860e-4 9.97927683e-3 1.13865000e-3 4.55461000e-4 0 5.430002e1
8.980647e1 3.43472700e-1 6.02715470e0 0.00000000e0 5.86069750e0 1.37507218e-2 6.87438812e-3 1.53460674e-1 1.35433957e-4 9.97017630e-3 1.13865000e-3 4.55461000e-4 0 5.440002e1
8.990647e1 3.43472745e-1 6.02716438e0 0.00000000e0 5.86004378e0 1.37202101e-2 6.86344380e-3 1.53172861e-1 1.36064458e-4 9.96102116e-3 1.13865000e-3 4.55461000e-4 0 5.450002e1
9.000647e1 3.43472789e-1 6.02717402e0 0.00000000e0 5.85939020e0 1.36898940e-2 6.85249032e-3 1.52885705e-1 1.36684701e-4 9.95180783e-3 1.13865000e-3 4.55461000e-4 0 5.460002e1
9.010647e1 3.43472833e-1 6.02718362e0 0.00000000e0 5.85873676e0 1.36597701e-2 6.84152842e-3 1.52599216e-1 1.37295006e-4 9.94253317e-3 1.13865000e-3 4.55461000e-4 0 5.470002e1
9.020647e1 3.43472877e-1 6.02719318e0 0.00000000e0 5.85808345e0 1.36298354e-2 6.83055884e-3 1.52313401e-1 1.37895677e-4 9.93319446e-3 1.13865000e-3 4.55461000e-4 0 5.480002e1
9.030647e1 3.43472921e-1 6.02720270e0 0.00000000e0 5.85743028e0 1.36000869e-2 6.81958237e-3 1.52028270e-1 1.38487003e-4 9.92378934e-3 1.13865000e-3 4.55461000e-4 0 5.490002e1
9.040647e1 3.43472964e-1 6.02721217e0 0.00000000e0 5.85677723e0 1.35705217e-2 6.80859981e-3 1.51743831e-1 1.39069258e-4 9.91431582e-3 1.13865000e-3 4.55461000e-4 0 5.500002e1
9.050647e1 3.43473007e-1 6.02722161e0 0.00000000e0 5.85612433e0 1.35411370e-2 6.79761198e-3 1.51460093e-1 1.39642702e-4 9.90477225e-3 1.13865000e-3 4.55461000e-4 0 5.510002e1
9.060647e1 3.43473050e-1 6.02723102e0 0.00000000e0 5.85547155e0 1.35119304e-2 6.78661973e-3 1.51177065e-1 1.40207583e-4 9.89515729e-3 1.13865000e-3 4.55461000e-4 0 5.520002e1
9.070647e1 3.43473093e-1 6.02724038e0 0.00000000e0 5.85481890e0 1.34828992e-2 6.77562391e-3 1.50894756e-1 1.40764138e-4 9.88546987e-3 1.13865000e-3 4.55461000e-4 0 5.530002e1
9.080647e1 3.43473135e-1 6.02724971e0 0.00000000e0 5.85416638e0 1.34540411e-2 6.76462539e-3 1.50613175e-1 1.41312594e-4 9.87570923e-3 1.13865000e-3 4.55461000e-4 0 5.540002e1
9.090647e1 3.43473178e-1 6.02725900e0 0.00000000e0 5.85351399e0 1.34253538e-2 6.75362505e-3 1.50332331e-1 1.41853165e-4 9.86587482e-3 1.13865000e-3 4.55461000e-4 0 5.550002e1
9.100647e1 3.43473221e-1 6.02726826e0 0.00000000e0 5.85286173e0 1.33968352e-2 6.74262378e-3 1.50052231e-1 1.42386057e-4 9.85596635e-3 1.13865000e-3 4.55461000e-4 0 5.560002e1
9.110647e1 3.43473264e-1 6.02727748e0 0.00000000e0 5.85220960e0 1.33684832e-2 6.73162247e-3 1.49772885e-1 1.42911467e-4 9.84598374e-3 1.13865000e-3 4.55461000e-4 0 5.570002e1
9.120647e1 3.43473306e-1 6.02728666e0 0.00000000e0 5.85155759e0 1.33402957e-2 6.72062202e-3 1.49494302e-1 1.43429585e-4 9.83592711e-3 1.13865000e-3 4.55461000e-4 0 5.580002e1
9.130647e1 3.43473349e-1 6.02729582e0 0.00000000e0 5.85090571e0 1.33122708e-2 6.70962332e-3 1.49216489e-1 1.43940591e-4 9.82579678e-3 1.13865000e-3 4.55461000e-4 0 5.590002e1
9.140647e1 3.43473392e-1 6.02730493e0 0.00000000e0 5.85025395e0 1.32844067e-2 6.69862727e-3 1.48939455e-1 1.44444657e-4 9.81559321e-3 1.13865000e-3 4.55461000e-4 0 5.600002e1
9.150647e1 3.43473434e-1 6.02731402e0 0.00000000e0 5.84960232e0 1.32567016e-2 6.68763477e-3 1.48663209e-1 1.44941951e-4 9.80531704e-3 1.13865000e-3 4.55461000e-4 0 5.610002e1
9.160647e1 3.43473477e-1 6.02732307e0 0.00000000e0 5.84895081e0 1.32291538e-2 6.67664670e-3 1.48387758e-1 1.45432632e-4 9.79496904e-3 1.13865000e-3 4.55461000e-4 0 5.620002e1
9.170647e1 3.43473520e-1 6.02733208e0 0.00000000e0 5.84829942e0 1.32017616e-2 6.66566395e-3 1.48113110e-1 1.45916853e-4 9.78455013e-3 1.13865000e-3 4.55461000e-4 0 5.630002e1
9.180647e1 3.43473563e-1 6.02734107e0 0.00000000e0 5.84764816e0 1.31745235e-2 6.65468740e-3 1.47839273e-1 1.46394762e-4 9.77406134e-3 1.13865000e-3 4.55461000e-4 0 5.640002e1
9.190647e1 3.43473606e-1 6.02735001e0 0.00000000e0 5.84699702e0 1.31474378e-2 6.64371792e-3 1.47566255e-1 1.46866500e-4 9.76350379e-3 1.13865000e-3 4.55461000e-4 0 5.650002e1
9.200647e1 3.43473649e-1 6.02735893e0 0.00000000e0 5.84634600e0 1.31205031e-2 6.63275639e-3 1.47294062e-1 1.47332205e-4 9.75287872e-3 1.13865000e-3 4.55461000e-4 0 5.660002e1
9.210647e1 3.43473692e-1 6.02736781e0 0.00000000e0 5.84569509e0 1.30937181e-2 6.62180365e-3 1.47022703e-1 1.47792008e-4 9.74218745e-3 1.13865000e-3 4.55461000e-4 0 5.670002e1
9.220647e1 3.43473735e-1 6.02737667e0 0.00000000e0 5.84504431e0 1.30670812e-2 6.61086055e-3 1.46752185e-1 1.48246035e-4 9.73143139e-3 1.13865000e-3 4.55461000e-4 0 5.680002e1
9.230647e1 3.43473779e-1 6.02738548e0 0.00000000e0 5.84439365e0 1.30405911e-2 6.59992793e-3 1.46482514e-1 1.48694409e-4 9.72061201e-3 1.13865000e-3 4.55461000e-4 0 5.690002e1
9.240647e1 3.43473822e-1 6.02739427e0 0.00000000e0 5.84374311e0 1.30142466e-2 6.58900660e-3 1.46213697e-1 1.49137247e-4 9.70973084e-3 1.13865000e-3 4.55461000e-4 0 5.700002e1
9.250647e1 3.43473866e-1 6.02740302e0 0.00000000e0 5.84309268e0 1.29880464e-2 6.57809739e-3 1.45945741e-1 1.49574665e-4 9.69878947e-3 1.13865000e-3 4.55461000e-4 0 5.710002e1
9.260647e1 3.43473909e-1 6.02741174e0 0.00000000e0 5.84244238e0 1.29619892e-2 6.56720109e-3 1.45678651e-1 1.50006771e-4 9.68778955e-3 1.13865000e-3 4.55461000e-4 0 5.720002e1
9.270647e1 3.43473953e-1 6.02742043e0 0.00000000e0 5.84179219e0 1.29360739e-2 6.55631849e-3 1.45412435e-1 1.50433673e-4 9.67673274e-3 1.13865000e-3 4.55461000e-4 0 5.730002e1
9.280647e1 3.43473997e-1 6.02742908e0 0.00000000e0 5.84114211e0 1.29102993e-2 6.54545036e-3 1.45147099e-1 1.50855472e-4 9.66562076e-3 1.13865000e-3 4.55461000e-4 0 5.740002e1
9.290647e1 3.43474041e-1 6.02743770e0 0.00000000e0 5.84049215e0 1.28846643e-2 6.53459745e-3 1.44882647e-1 1.51272268e-4 9.65445536e-3 1.13865000e-3 4.55461000e-4 0 5.750002e1
9.300647e1 3.43474085e-1 6.02744629e0 0.00000000e0 5.83984231e0 1.28591677e-2 6.52376052e-3 1.44619086e-1 1.51684159e-4 9.64323831e-3 1.13865000e-3 4.55461000e-4 0 5.760002e1
9.310647e1 3.43474129e-1 6.02745485e0 0.00000000e0 5.83919258e0 1.28338086e-2 6.51294029e-3 1.44356421e-1 1.52091236e-4 9.63197139e-3 1.13865000e-3 4.55461000e-4 0 5.770002e1
9.320647e1 3.43474173e-1 6.02746337e0 0.00000000e0 5.83854297e0 1.28085858e-2 6.50213747e-3 1.44094658e-1 1.52493590e-4 9.62065641e-3 1.13865000e-3 4.55461000e-4 0 5.780002e1
9.330647e1 3.43474217e-1 6.02747186e0 0.00000000e0 5.83789347e0 1.27834984e-2 6.49135277e-3 1.43833800e-1 1.52891308e-4 9.60929517e-3 1.13865000e-3 4.55461000e-4 0 5.790002e1
9.340647e1 3.43474261e-1 6.02748032e0 0.00000000e0 5.83724408e0 1.27585454e-2 6.48058687e-3 1.43573855e-1 1.53284476e-4 9.59788951e-3 1.13865000e-3 4.55461000e-4 0 5.800002e1
9.350647e1 3.43474305e-1 6.02748875e0 0.00000000e0 5.83659481e0 1.27337257e-2 6.46984044e-3 1.43314825e-1 1.53673176e-4 9.58644124e-3 1.13865000e-3 4.55461000e-4 0 5.810002e1
9.360647e1 3.43474350e-1 6.02749714e0 0.00000000e0 5.83594565e0 1.27090386e-2 6.45911414e-3 1.43056715e-1 1.54057487e-4 9.57495219e-3 1.13865000e-3 4.55461000e-4 0 5.820002e1
9.370647e1 3.43474394e-1 6.02750550e0 0.00000000e0 5.83529660e0 1.26844829e-2 6.44840859e-3 1.42799530e-1 1.54437487e-4 9.56342417e-3 1.13865000e-3 4.55461000e-4 0 5.830002e1
9.380647e1 3.43474439e-1 6.02751383e0 0.00000000e0 5.83464767e0 1.26600579e-2 6.43772444e-3 1.42543274e-1 1.54813251e-4 9.55185900e-3 1.13865000e-3 4.55461000e-4 0 5.840002e1
9.390647e1 3.43474483e-1 6.02752213e0 0.00000000e0 5.83399884e0 1.26357626e-2 6.42706227e-3 1.42287950e-1 1.55184852e-4 9.54025849e-3 1.13865000e-3 4.55461000e-4 0 5.850002e1
9.400647e1 3.43474528e-1 6.02753039e0 0.00000000e0 5.83335013e0 1.26115961e-2 6.41642270e-3 1.42033563e-1 1.55552362e-4 9.52862442e-3 1.13865000e-3 4.55461000e-4 0 5.860002e1
9.410647e1 3.43474572e-1 6.02753862e0 0.00000000e0 5.83270152e0 1.25875577e-2 6.40580629e-3 1.41780116e-1 1.55915849e-4 9.51695859e-3 1.13865000e-3 4.55461000e-4 0 5.870002e1
9.420647e1 3.43474617e-1 6.02754682e0 0.00000000e0 5.83205303e0 1.25636464e-2 6.39521360e-3 1.41527613e-1 1.56275381e-4 9.50526275e-3 1.13865000e-3 4.55461000e-4 0 5.880002e1
9.430647e1 3.43474661e-1 6.02755499e0 0.00000000e0 5.83140464e0 1.25398615e-2 6.38464519e-3 1.41276055e-1 1.56631023e-4 9.49353865e-3 1.13865000e-3 4.55461000e-4 0 5.890002e1
9.440647e1 3.43474706e-1 6.02756312e0 0.00000000e0 5.83075637e0 1.25162021e-2 6.37410159e-3 1.41025448e-1 1.56982838e-4 9.48178803e-3 1.13865000e-3 4.55461000e-4 0 5.900002e1
9.450647e1 3.43474750e-1 6.02757122e0 0.00000000e0 5.83010820e0 1.24926675e-2 6.36358330e-3 1.40775793e-1 1.57330888e-4 9.47001259e-3 1.13865000e-3 4.55461000e-4 0 5.910002e1
9.460647e1 3.43474795e-1 6.02757928e0 0.00000000e0 5.82946014e0 1.24692568e-2 6.35309085e-3 1.40527093e-1 1.57675235e-4 9.45821403e-3 1.13865000e-3 4.55461000e-4 0 5.920002e1
9.470647e1 3.43474840e-1 6.02758732e0 0.00000000e0 5.82881219e0 1.24459694e-2 6.34262470e-3 1.40279350e-1 1.58015935e-4 9.44639401e-3 1.13865000e-3 4.55461000e-4 0 5.930002e1
9.480647e1 3.43474884e-1 6.02759532e0 0.00000000e0 5.82816435e0 1.24228043e-2 6.33218534e-3 1.40032568e-1 1.58353048e-4 9.43455417e-3 1.13865000e-3 4.55461000e-4 0 5.940002e1
9.490647e1 3.43474929e-1 6.02760329e0 0.00000000e0 5.82751662e0 1.23997610e-2 6.32177323e-3 1.39786748e-1 1.58686628e-4 9.42269614e-3 1.13865000e-3 4.55461000e-4 0 5.950002e1
9.500647e1 3.43474973e-1 6.02761122e0 0.00000000e0 5.82686899e0 1.23768387e-2 6.31138880e-3 1.39541892e-1 1.59016729e-4 9.41082151e-3 1.13865000e-3 4.55461000e-4 0 5.960002e1
9.510647e1 3.43475018e-1 6.02761913e0 0.00000000e0 5.82622147e0 1.23540365e-2 6.30103250e-3 1.39298002e-1 1.59343406e-4 9.39893185e-3 1.13865000e-3 4.55461000e-4 0 5.970002e1
9.520647e1 3.43475062e-1 6.02762700e0 0.00000000e0 5.82557405e0 1.23313540e-2 6.29070473e-3 1.39055080e-1 1.59666709e-4 9.38702870e-3 1.13865000e-3 4.55461000e-4 0 5.980002e1
9.530647e1 3.43475107e-1 6.02763483e0 0.00000000e0 5.82492674e0 1.23087902e-2 6.28040590e-3 1.38813128e-1 1.59986690e-4 9.37511358e-3 1.13865000e-3 4.55461000e-4 0 5.990002e1
9.540647e1 3.43475151e-1 6.02764264e0 0.00000000e0 5.82427954e0 1.22863446e-2 6.27013641e-3 1.38572146e-1 1.60303397e-4 9.36318798e-3 1.13865000e-3 4.55461000e-4 0 6.000002e1
9.550647e1 3.43475196e-1 6.02765041e0 0.00000000e0 5.82363244e0 1.22640164e-2 6.25989663e-3 1.38332137e-1 1.60616878e-4 9.35125335e-3 1.13865000e-3 4.55461000e-4 0 6.010002e1
9.560647e1 3.43475240e-1 6.02765815e0 0.00000000e0 5.82298545e0 1.22418050e-2 6.24968691e-3 1.38093101e-1 1.60927182e-4 9.33931114e-3 1.13865000e-3 4.55461000e-4 0 6.020002e1
9.570647e1 3.43475284e-1 6.02766586e0 0.00000000e0 5.82233856e0 1.22197096e-2 6.23950763e-3 1.37855039e-1 1.61234353e-4 9.32736274e-3 1.13865000e-3 4.55461000e-4 0 6.030002e1
9.580647e1 3.43475329e-1 6.02767353e0 0.00000000e0 5.82169177e0 1.21977298e-2 6.22935911e-3 1.37617952e-1 1.61538437e-4 9.31540953e-3 1.13865000e-3 4.55461000e-4 0 6.040002e1
9.590647e1 3.43475373e-1 6.02768117e0 0.00000000e0 5.82104509e0 1.21758647e-2 6.21924167e-3 1.37381842e-1 1.61839477e-4 9.30345287e-3 1.13865000e-3 4.55461000e-4 0 6.050002e1
9.600647e1 3.43475417e-1 6.02768878e0 0.00000000e0 5.82039851e0 1.21541138e-2 6.20915565e-3 1.37146708e-1 1.62137517e-4 9.29149407e-3 1.13865000e-3 4.55461000e-4 0 6.060002e1
9.610647e1 3.43475461e-1 6.02769636e0 0.00000000e0 5.81975204e0 1.21324763e-2 6.19910133e-3 1.36912551e-1 1.62432599e-4 9.27953443e-3 1.13865000e-3 4.55461000e-4 0 6.070002e1
9.620647e1 3.43475505e-1 6.02770390e0 0.00000000e0 5.81910567e0 1.21109518e-2 6.18907902e-3 1.36679372e-1 1.62724763e-4 9.26757522e-3 1.13865000e-3 4.55461000e-4 0 6.080002e1
9.630647e1 3.43475549e-1 6.02771141e0 0.00000000e0 5.81845940e0 1.20895395e-2 6.17908898e-3 1.36447170e-1 1.63014050e-4 9.25561765e-3 1.13865000e-3 4.55461000e-4 0 6.090002e1
9.640647e1 3.43475593e-1 6.02771889e0 0.00000000e0 5.81781323e0 1.20682388e-2 6.16913150e-3 1.36215946e-1 1.63300498e-4 9.24366296e-3 1.13865000e-3 4.55461000e-4 0 6.100002e1
9.650647e1 3.43475636e-1 6.02772633e0 0.00000000e0 5.81716717e0 1.20470491e-2 6.15920682e-3 1.35985700e-1 1.63584148e-4 9.23171231e-3 1.13865000e-3 4.55461000e-4 0 6.110002e1
9.660647e1 3.43475680e-1 6.02773374e0 0.00000000e0 5.81652120e0 1.20259699e-2 6.14931520e-3 1.35756432e-1 1.63865036e-4 9.21976687e-3 1.13865000e-3 4.55461000e-4 0 6.120002e1
9.670647e1 3.43475724e-1 6.02774112e0 0.00000000e0 5.81587534e0 1.20050004e-2 6.13945688e-3 1.35528142e-1 1.64143200e-4 9.20782775e-3 1.13865000e-3 4.55461000e-4 0 6.130002e1
9.680647e1 3.43475767e-1 6.02774847e0 0.00000000e0 5.81522958e0 1.19841402e-2 6.12963207e-3 1.35300829e-1 1.64418675e-4 9.19589606e-3 1.13865000e-3 4.55461000e-4 0 6.140002e1
9.690647e1 3.43475811e-1 6.02775579e0 0.00000000e0 5.81458392e0 1.19633886e-2 6.11984100e-3 1.35074492e-1 1.64691497e-4 9.18397286e-3 1.13865000e-3 4.55461000e-4 0 6.150002e1
9.700647e1 3.43475854e-1 6.02776307e0 0.00000000e0 5.81393837e0 1.19427450e-2 6.11008387e-3 1.34849132e-1 1.64961701e-4 9.17205921e-3 1.13865000e-3 4.55461000e-4 0 6.160002e1
9.710647e1 3.43475897e-1 6.02777032e0 0.00000000e0 5.81329291e0 1.19222089e-2 6.10036089e-3 1.34624748e-1 1.65229321e-4 9.16015612e-3 1.13865000e-3 4.55461000e-4 0 6.170002e1
9.720647e1 3.43475940e-1 6.02777754e0 0.00000000e0 5.81264755e0 1.19017797e-2 6.09067223e-3 1.34401339e-1 1.65494390e-4 9.14826459e-3 1.13865000e-3 4.55461000e-4 0 6.180002e1
9.730647e1 3.43475983e-1 6.02778472e0 0.00000000e0 5.81200229e0 1.18814568e-2 6.08101809e-3 1.34178904e-1 1.65756942e-4 9.13638558e-3 1.13865000e-3 4.55461000e-4 0 6.190002e1
9.740647e1 3.43476026e-1 6.02779188e0 0.00000000e0 5.81135714e0 1.18612396e-2 6.07139862e-3 1.33957442e-1 1.66017008e-4 9.12452004e-3 1.13865000e-3 4.55461000e-4 0 6.200002e1
9.750647e1 3.43476069e-1 6.02779900e0 0.00000000e0 5.81071208e0 1.18411276e-2 6.06181399e-3 1.33736953e-1 1.66274620e-4 9.11266889e-3 1.13865000e-3 4.55461000e-4 0 6.210002e1
9.760647e1 3.43476112e-1 6.02780609e0 0.00000000e0 5.81006712e0 1.18211203e-2 6.05226436e-3 1.33517435e-1 1.66529809e-4 9.10083301e-3 1.13865000e-3 4.55461000e-4 0 6.220002e1
9.770647e1 3.43476154e-1 6.02781314e0 0.00000000e0 5.80942226e0 1.18012170e-2 6.04274986e-3 1.33298887e-1 1.66782605e-4 9.08901328e-3 1.13865000e-3 4.55461000e-4 0 6.230002e1
9.780647e1 3.43476197e-1 6.02782017e0 0.00000000e0 5.80877749e0 1.17814172e-2 6.03327064e-3 1.33081308e-1 1.67033038e-4 9.07721054e-3 1.13865000e-3 4.55461000e-4 0 6.240002e1
9.790647e1 3.43476239e-1 6.02782716e0 0.00000000e0 5.80813283e0 1.17617204e-2 6.02382682e-3 1.32864697e-1 1.67281138e-4 9.06542561e-3 1.13865000e-3 4.55461000e-4 0 6.250002e1
9.800647e1 3.43476281e-1 6.02783412e0 0.00000000e0 5.80748826e0 1.17421261e-2 6.01441852e-3 1.32649052e-1 1.67526933e-4 9.05365930e-3 1.13865000e-3 4.55461000e-4 0 6.260002e1
9.810647e1 3.43476323e-1 6.02784105e0 0.00000000e0 5.80684380e0 1.17226337e-2 6.00504586e-3 1.32434372e-1 1.67770451e-4 9.04191239e-3 1.13865000e-3 4.55461000e-4 0 6.270002e1
9.820647e1 3.43476365e-1 6.02784795e0 0.00000000e0 5.80619943e0 1.17032426e-2 5.99570894e-3 1.32220654e-1 1.68011721e-4 9.03018561e-3 1.13865000e-3 4.55461000e-4 0 6.280002e1
9.830647e1 3.43476407e-1 6.02785482e0 0.00000000e0 5.80555515e0 1.16839524e-2 5.98640786e-3 1.32007899e-1 1.68250769e-4 9.01847972e-3 1.13865000e-3 4.55461000e-4 0 6.290002e1
9.840647e1 3.43476449e-1 6.02786165e0 0.00000000e0 5.80491098e0 1.16647624e-2 5.97714271e-3 1.31796103e-1 1.68487623e-4 9.00679541e-3 1.13865000e-3 4.55461000e-4 0 6.300002e1
9.850647e1 3.43476490e-1 6.02786846e0 0.00000000e0 5.80426690e0 1.16456723e-2 5.96791358e-3 1.31585266e-1 1.68722309e-4 8.99513339e-3 1.13865000e-3 4.55461000e-4 0 6.310002e1
9.860647e1 3.43476532e-1 6.02787523e0 0.00000000e0 5.80362291e0 1.16266814e-2 5.95872054e-3 1.31375385e-1 1.68954852e-4 8.98349431e-3 1.13865000e-3 4.55461000e-4 0 6.320002e1
9.870647e1 3.43476573e-1 6.02788197e0 0.00000000e0 5.80297903e0 1.16077893e-2 5.94956367e-3 1.31166458e-1 1.69185279e-4 8.97187884e-3 1.13865000e-3 4.55461000e-4 0 6.330002e1
9.880647e1 3.43476614e-1 6.02788868e0 0.00000000e0 5.80233524e0 1.15889955e-2 5.94044303e-3 1.30958484e-1 1.69413614e-4 8.96028759e-3 1.13865000e-3 4.55461000e-4 0 6.340002e1
9.890647e1 3.43476655e-1 6.02789536e0 0.00000000e0 5.80169155e0 1.15702994e-2 5.93135869e-3 1.30751461e-1 1.69639882e-4 8.94872118e-3 1.13865000e-3 4.55461000e-4 0 6.350002e1
9.900647e1 3.43476696e-1 6.02790200e0 0.00000000e0 5.80104795e0 1.15517005e-2 5.92231068e-3 1.30545386e-1 1.69864107e-4 8.93718021e-3 1.13865000e-3 4.55461000e-4 0 6.360002e1
9.910647e1 3.43476737e-1 6.02790862e0 0.00000000e0 5.80040445e0 1.15331983e-2 5.91329907e-3 1.30340257e-1 1.70086313e-4 8.92566524e-3 1.13865000e-3 4.55461000e-4 0 6.370002e1
9.920647e1 3.43476778e-1 6.02791520e0 0.00000000e0 5.79976104e0 1.15147923e-2 5.90432389e-3 1.30136073e-1 1.70306524e-4 8.91417683e-3 1.13865000e-3 4.55461000e-4 0 6.380002e1
9.930647e1 3.43476818e-1 6.02792176e0 0.00000000e0 5.79911773e0 1.14964821e-2 5.89538518e-3 1.29932830e-1 1.70524763e-4 8.90271552e-3 1.13865000e-3 4.55461000e-4 0 6.390002e1
9.940647e1 3.43476858e-1 6.02792828e0 0.00000000e0 5.79847451e0 1.14782671e-2 5.88648298e-3 1.29730528e-1 1.70741052e-4 8.89128183e-3 1.13865000e-3 4.55461000e-4 0 6.400002e1
9.950647e1 3.43476899e-1 6.02793478e0 0.00000000e0 5.79783139e0 1.14601468e-2 5.87761729e-3 1.29529163e-1 1.70955414e-4 8.87987625e-3 1.13865000e-3 4.55461000e-4 0 6.410002e1
9.960647e1 3.43476939e-1 6.02794124e0 0.00000000e0 5.79718836e0 1.14421208e-2 5.86878815e-3 1.29328733e-1 1.71167871e-4 8.86849928e-3 1.13865000e-3 4.55461000e-4 0 6.420002e1
9.970647e1 3.43476978e-1 6.02794767e0 0.00000000e0 5.79654543e0 1.14241886e-2 5.85999557e-3 1.29129236e-1 1.71378445e-4 8.85715139e-3 1.13865000e-3 4.55461000e-4 0 6.430002e1
9.980647e1 3.43477018e-1 6.02795407e0 0.00000000e0 5.79590259e0 1.14063496e-2 5.85123956e-3 1.28930669e-1 1.71587157e-4 8.84583302e-3 1.13865000e-3 4.55461000e-4 0 6.440002e1
9.990647e1 3.43477058e-1 6.02796044e0 0.00000000e0 5.79525985e0 1.13886034e-2 5.84252013e-3 1.28733030e-1 1.71794028e-4 8.83454462e-3 1.13865000e-3 4.55461000e-4 0 6.450002e1
1.000065e2 3.43477097e-1 6.02796678e0 0.00000000e0 5.79461719e0 1.13709496e-2 5.83383728e-3 1.28536316e-1 1.71999080e-4 8.82328661e-3 1.13865000e-3 4.55461000e-4 0 6.460002e1
1.001065e2 3.43477137e-1 6.02797309e0 0.00000000e0 5.79397464e0 1.13533876e-2 5.82519101e-3 1.28340524e-1 1.72202331e-4 8.81205940e-3 1.13865000e-3 4.55461000e-4 0 6.470002e1
1.002065e2 3.43477176e-1 6.02797937e0 0.00000000e0 5.79333217e0 1.13359170e-2 5.81658130e-3 1.28145653e-1 1.72403803e-4 8.80086337e-3 1.13865000e-3 4.55461000e-4 0 6.480002e1
1.003065e2 3.43477215e-1 6.02798563e0 0.00000000e0 5.79268980e0 1.13185373e-2 5.80800814e-3 1.27951699e-1 1.72603516e-4 8.78969892e-3 1.13865000e-3 4.55461000e-4 0 6.490002e1
1.004065e2 3.43477254e-1 6.02799185e0 0.00000000e0 5.79204752e0 1.13012480e-2 5.79947153e-3 1.27758660e-1 1.72801489e-4 8.77856640e-3 1.13865000e-3 4.55461000e-4 0 6.500002e1
1.005065e2 3.43477292e-1 6.02799804e0 0.00000000e0 5.79140534e0 1.12840487e-2 5.79097144e-3 1.27566533e-1 1.72997741e-4 8.76746616e-3 1.13865000e-3 4.55461000e-4 0 6.510002e1
1.006065e2 3.43477331e-1 6.02800420e0 0.00000000e0 5.79076325e0 1.12669389e-2 5.78250785e-3 1.27375315e-1 1.73192291e-4 8.75639856e-3 1.13865000e-3 4.55461000e-4 0 6.520002e1
1.007065e2 3.43477369e-1 6.02801033e0 0.00000000e0 5.79012125e0 1.12499181e-2 5.77408072e-3 1.27185004e-1 1.73385159e-4 8.74536390e-3 1.13865000e-3 4.55461000e-4 0 6.530002e1
1.008065e2 3.43477408e-1 6.02801643e0 0.00000000e0 5.78947934e0 1.12329860e-2 5.76569004e-3 1.26995597e-1 1.73576362e-4 8.73436250e-3 1.13865000e-3 4.55461000e-4 0 6.540002e1
1.009065e2 3.43477446e-1 6.02802251e0 0.00000000e0 5.78883752e0 1.12161420e-2 5.75733575e-3 1.26807090e-1 1.73765919e-4 8.72339466e-3 1.13865000e-3 4.55461000e-4 0 6.550002e1
1.010065e2 3.43477484e-1 6.02802855e0 0.00000000e0 5.78819580e0 1.11993857e-2 5.74901784e-3 1.26619481e-1 1.73953848e-4 8.71246068e-3 1.13865000e-3 4.55461000e-4 0 6.560002e1
1.011065e2 3.43477521e-1 6.02803457e0 0.00000000e0 5.78755417e0 1.11827166e-2 5.74073625e-3 1.26432767e-1 1.74140167e-4 8.70156083e-3 1.13865000e-3 4.55461000e-4 0 6.570002e1
1.012065e2 3.43477559e-1 6.02804055e0 0.00000000e0 5.78691263e0 1.11661343e-2 5.73249094e-3 1.26246946e-1 1.74324893e-4 8.69069536e-3 1.13865000e-3 4.55461000e-4 0 6.580002e1
1.013065e2 3.43477597e-1 6.02804651e0 0.00000000e0 5.78627118e0 1.11496383e-2 5.72428187e-3 1.26062013e-1 1.74508043e-4 8.67986455e-3 1.13865000e-3 4.55461000e-4 0 6.590002e1
1.014065e2 3.43477634e-1 6.02805244e0 0.00000000e0 5.78562982e0 1.11332282e-2 5.71610898e-3 1.25877967e-1 1.74689635e-4 8.66906862e-3 1.13865000e-3 4.55461000e-4 0 6.600002e1
1.015065e2 3.43477671e-1 6.02805834e0 0.00000000e0 5.78498856e0 1.11169036e-2 5.70797222e-3 1.25694804e-1 1.74869685e-4 8.65830782e-3 1.13865000e-3 4.55461000e-4 0 6.610002e1
1.016065e2 3.43477708e-1 6.02806421e0 0.00000000e0 5.78434738e0 1.11006640e-2 5.69987153e-3 1.25512522e-1 1.75048210e-4 8.64758236e-3 1.13865000e-3 4.55461000e-4 0 6.620002e1
1.017065e2 3.43477745e-1 6.02807005e0 0.00000000e0 5.78370630e0 1.10845090e-2 5.69180686e-3 1.25331116e-1 1.75225227e-4 8.63689245e-3 1.13865000e-3 4.55461000e-4 0 6.630002e1
1.018065e2 3.43477782e-1 6.02807587e0 0.00000000e0 5.78306530e0 1.10684381e-2 5.68377814e-3 1.25150585e-1 1.75400750e-4 8.62623831e-3 1.13865000e-3 4.55461000e-4 0 6.640002e1
1.019065e2 3.43477818e-1 6.02808165e0 0.00000000e0 5.78242440e0 1.10524510e-2 5.67578530e-3 1.24970924e-1 1.75574797e-4 8.61562011e-3 1.13865000e-3 4.55461000e-4 0 6.650002e1
1.020065e2 3.43477855e-1 6.02808741e0 0.00000000e0 5.78178359e0 1.10365471e-2 5.66782829e-3 1.24792132e-1 1.75747384e-4 8.60503805e-3 1.13865000e-3 4.55461000e-4 0 6.660002e1
1.021065e2 3.43477891e-1 6.02809314e0 0.00000000e0 5.78114286e0 1.10207260e-2 5.65990703e-3 1.24614204e-1 1.75918525e-4 8.59449229e-3 1.13865000e-3 4.55461000e-4 0 6.670002e1
1.022065e2 3.43477927e-1 6.02809884e0 0.00000000e0 5.78050223e0 1.10049874e-2 5.65202146e-3 1.24437138e-1 1.76088236e-4 8.58398300e-3 1.13865000e-3 4.55461000e-4 0 6.680002e1
1.023065e2 3.43477963e-1 6.02810452e0 0.00000000e0 5.77986169e0 1.09893308e-2 5.64417149e-3 1.24260931e-1 1.76256532e-4 8.57351035e-3 1.13865000e-3 4.55461000e-4 0 6.690002e1
1.024065e2 3.43477999e-1 6.02811016e0 0.00000000e0 5.77922123e0 1.09737558e-2 5.63635705e-3 1.24085579e-1 1.76423428e-4 8.56307447e-3 1.13865000e-3 4.55461000e-4 0 6.700002e1
1.025065e2 3.43478035e-1 6.02811578e0 0.00000000e0 5.77858087e0 1.09582619e-2 5.62857806e-3 1.23911079e-1 1.76588939e-4 8.55267550e-3 1.13865000e-3 4.55461000e-4 0 6.710002e1
1.026065e2 3.43478070e-1 6.02812137e0 0.00000000e0 5.77794060e0 1.09428487e-2 5.62083444e-3 1.23737428e-1 1.76753080e-4 8.54231358e-3 1.13865000e-3 4.55461000e-4 0 6.720002e1
1.027065e2 3.43478105e-1 6.02812694e0 0.00000000e0 5.77730041e0 1.09275159e-2 5.61312612e-3 1.23564624e-1 1.76915865e-4 8.53198883e-3 1.13865000e-3 4.55461000e-4 0 6.730002e1
1.028065e2 3.43478141e-1 6.02813247e0 0.00000000e0 5.77666031e0 1.09122630e-2 5.60545300e-3 1.23392661e-1 1.77077308e-4 8.52170137e-3 1.13865000e-3 4.55461000e-4 0 6.740002e1
1.029065e2 3.43478176e-1 6.02813798e0 0.00000000e0 5.77602031e0 1.08970896e-2 5.59781500e-3 1.23221538e-1 1.77237423e-4 8.51145130e-3 1.13865000e-3 4.55461000e-4 0 6.750002e1
1.030065e2 3.43478210e-1 6.02814346e0 0.00000000e0 5.77538039e0 1.08819952e-2 5.59021203e-3 1.23051252e-1 1.77396224e-4 8.50123872e-3 1.13865000e-3 4.55461000e-4 0 6.760002e1
1.031065e2 3.43478245e-1 6.02814892e0 0.00000000e0 5.77474056e0 1.08669796e-2 5.58264401e-3 1.22881798e-1 1.77553725e-4 8.49106374e-3 1.13865000e-3 4.55461000e-4 0 6.770002e1
1.032065e2 3.43478280e-1 6.02815435e0 0.00000000e0 5.77410082e0 1.08520422e-2 5.57511083e-3 1.22713174e-1 1.77709940e-4 8.48092643e-3 1.13865000e-3 4.55461000e-4 0 6.780002e1
1.033065e2 3.43478314e-1 6.02815975e0 0.00000000e0 5.77346116e0 1.08371827e-2 5.56761242e-3 1.22545376e-1 1.77864881e-4 8.47082689e-3 1.13865000e-3 4.55461000e-4 0 6.790002e1
1.034065e2 3.43478348e-1 6.02816512e0 0.00000000e0 5.77282160e0 1.08224006e-2 5.56014866e-3 1.22378401e-1 1.78018563e-4 8.46076517e-3 1.13865000e-3 4.55461000e-4 0 6.800002e1
1.035065e2 3.43478383e-1 6.02817047e0 0.00000000e0 5.77218212e0 1.08076956e-2 5.55271948e-3 1.22212246e-1 1.78170997e-4 8.45074136e-3 1.13865000e-3 4.55461000e-4 0 6.810002e1
1.036065e2 3.43478417e-1 6.02817579e0 0.00000000e0 5.77154273e0 1.07930673e-2 5.54532476e-3 1.22046908e-1 1.78322198e-4 8.44075550e-3 1.13865000e-3 4.55461000e-4 0 6.820002e1
1.037065e2 3.43478450e-1 6.02818109e0 0.00000000e0 5.77090343e0 1.07785152e-2 5.53796442e-3 1.21882383e-1 1.78472178e-4 8.43080767e-3 1.13865000e-3 4.55461000e-4 0 6.830002e1
1.038065e2 3.43478484e-1 6.02818636e0 0.00000000e0 5.77026422e0 1.07640390e-2 5.53063835e-3 1.21718667e-1 1.78620949e-4 8.42089790e-3 1.13865000e-3 4.55461000e-4 0 6.840002e1
1.039065e2 3.43478517e-1 6.02819160e0 0.00000000e0 5.76962510e0 1.07496383e-2 5.52334645e-3 1.21555759e-1 1.78768523e-4 8.41102625e-3 1.13865000e-3 4.55461000e-4 0 6.850002e1
1.040065e2 3.43478551e-1 6.02819682e0 0.00000000e0 5.76898606e0 1.07353127e-2 5.51608861e-3 1.21393654e-1 1.78914915e-4 8.40119274e-3 1.13865000e-3 4.55461000e-4 0 6.860002e1
1.041065e2 3.43478584e-1 6.02820201e0 0.00000000e0 5.76834711e0 1.07210617e-2 5.50886474e-3 1.21232349e-1 1.79060134e-4 8.39139742e-3 1.13865000e-3 4.55461000e-4 0 6.870002e1
1.042065e2 3.43478617e-1 6.02820718e0 0.00000000e0 5.76770824e0 1.07068851e-2 5.50167472e-3 1.21071840e-1 1.79204194e-4 8.38164031e-3 1.13865000e-3 4.55461000e-4 0 6.880002e1
1.043065e2 3.43478650e-1 6.02821232e0 0.00000000e0 5.76706947e0 1.06927824e-2 5.49451846e-3 1.20912125e-1 1.79347107e-4 8.37192144e-3 1.13865000e-3 4.55461000e-4 0 6.890002e1
1.044065e2 3.43478683e-1 6.02821743e0 0.00000000e0 5.76643078e0 1.06787533e-2 5.48739584e-3 1.20753200e-1 1.79488884e-4 8.36224081e-3 1.13865000e-3 4.55461000e-4 0 6.900002e1
1.045065e2 3.43478715e-1 6.02822252e0 0.00000000e0 5.76579218e0 1.06647973e-2 5.48030676e-3 1.20595062e-1 1.79629536e-4 8.35259846e-3 1.13865000e-3 4.55461000e-4 0 6.910002e1
1.046065e2 3.43478748e-1 6.02822759e0 0.00000000e0 5.76515366e0 1.06509140e-2 5.47325111e-3 1.20437707e-1 1.79769076e-4 8.34299438e-3 1.13865000e-3 4.55461000e-4 0 6.920002e1
1.047065e2 3.43478780e-1 6.02823263e0 0.00000000e0 5.76451523e0 1.06371032e-2 5.46622877e-3 1.20281132e-1 1.79907515e-4 8.33342858e-3 1.13865000e-3 4.55461000e-4 0 6.930002e1
1.048065e2 3.43478812e-1 6.02823764e0 0.00000000e0 5.76387689e0 1.06233644e-2 5.45923964e-3 1.20125334e-1 1.80044863e-4 8.32390105e-3 1.13865000e-3 4.55461000e-4 0 6.940002e1
1.049065e2 3.43478844e-1 6.02824263e0 0.00000000e0 5.76323863e0 1.06096972e-2 5.45228360e-3 1.19970309e-1 1.80181133e-4 8.31441180e-3 1.13865000e-3 4.55461000e-4 0 6.950002e1
1.050065e2 3.43478876e-1 6.02824760e0 0.00000000e0 5.76260046e0 1.05961013e-2 5.44536054e-3 1.19816055e-1 1.80316335e-4 8.30496082e-3 1.13865000e-3 4.55461000e-4 0 6.960002e1
1.051065e2 3.43478908e-1 6.02825253e0 0.00000000e0 5.76196238e0 1.05825764e-2 5.43847035e-3 1.19662567e-1 1.80450479e-4 8.29554809e-3 1.13865000e-3 4.55461000e-4 0 6.970002e1
1.052065e2 3.43478939e-1 6.02825745e0 0.00000000e0 5.76132438e0 1.05691219e-2 5.43161292e-3 1.19509843e-1 1.80583578e-4 8.28617359e-3 1.13865000e-3 4.55461000e-4 0 6.980002e1
1.053065e2 3.43478971e-1 6.02826234e0 0.00000000e0 5.76068647e0 1.05557376e-2 5.42478812e-3 1.19357878e-1 1.80715641e-4 8.27683730e-3 1.13865000e-3 4.55461000e-4 0 6.990002e1
1.054065e2 3.43479002e-1 6.02826721e0 0.00000000e0 5.76004864e0 1.05424231e-2 5.41799584e-3 1.19206671e-1 1.80846678e-4 8.26753921e-3 1.13865000e-3 4.55461000e-4 0 7.000002e1
1.055065e2 3.43479033e-1 6.02827205e0 0.00000000e0 5.75941090e0 1.05291781e-2 5.41123597e-3 1.19056217e-1 1.80976701e-4 8.25827928e-3 1.13865000e-3 4.55461000e-4 0 7.010002e1
1.056065e2 3.43479064e-1 6.02827687e0 0.00000000e0 5.75877325e0 1.05160021e-2 5.40450839e-3 1.18906513e-1 1.81105719e-4 8.24905748e-3 1.13865000e-3 4.55461000e-4 0 7.020002e1
1.057065e2 3.43479095e-1 6.02828166e0 0.00000000e0 5.75813568e0 1.05028948e-2 5.39781298e-3 1.18757556e-1 1.81233743e-4 8.23987377e-3 1.13865000e-3 4.55461000e-4 0 7.030002e1
1.058065e2 3.43479126e-1 6.02828643e0 0.00000000e0 5.75749820e0 1.04898558e-2 5.39114962e-3 1.18609342e-1 1.81360783e-4 8.23072812e-3 1.13865000e-3 4.55461000e-4 0 7.040002e1
1.059065e2 3.43479156e-1 6.02829117e0 0.00000000e0 5.75686080e0 1.04768849e-2 5.38451819e-3 1.18461869e-1 1.81486849e-4 8.22162048e-3 1.13865000e-3 4.55461000e-4 0 7.050002e1
1.060065e2 3.43479187e-1 6.02829590e0 0.00000000e0 5.75622348e0 1.04639816e-2 5.37791858e-3 1.18315132e-1 1.81611950e-4 8.21255082e-3 1.13865000e-3 4.55461000e-4 0 7.060002e1
1.061065e2 3.43479217e-1 6.02830060e0 0.00000000e0 5.75558625e0 1.04511455e-2 5.37135067e-3 1.18169129e-1 1.81736096e-4 8.20351907e-3 1.13865000e-3 4.55461000e-4 0 7.070002e1
1.062065e2 3.43479247e-1 6.02830527e0 0.00000000e0 5.75494911e0 1.04383764e-2 5.36481433e-3 1.18023856e-1 1.81859297e-4 8.19452520e-3 1.13865000e-3 4.55461000e-4 0 7.080002e1
1.063065e2 3.43479277e-1 6.02830992e0 0.00000000e0 5.75431205e0 1.04256739e-2 5.35830944e-3 1.17879310e-1 1.81981563e-4 8.18556915e-3 1.13865000e-3 4.55461000e-4 0 7.090002e1
1.064065e2 3.43479307e-1 6.02831455e0 0.00000000e0 5.75367508e0 1.04130376e-2 5.35183589e-3 1.17735488e-1 1.82102903e-4 8.17665086e-3 1.13865000e-3 4.55461000e-4 0 7.100002e1
1.065065e2 3.43479337e-1 6.02831915e0 0.00000000e0 5.75303819e0 1.04004671e-2 5.34539355e-3 1.17592386e-1 1.82223325e-4 8.16777028e-3 1.13865000e-3 4.55461000e-4 0 7.110002e1
1.066065e2 3.43479366e-1 6.02832374e0 0.00000000e0 5.75240138e0 1.03879622e-2 5.33898230e-3 1.17450001e-1 1.82342841e-4 8.15892734e-3 1.13865000e-3 4.55461000e-4 0 7.120002e1
1.067065e2 3.43479396e-1 6.02832830e0 0.00000000e0 5.75176466e0 1.03755225e-2 5.33260202e-3 1.17308330e-1 1.82461457e-4 8.15012197e-3 1.13865000e-3 4.55461000e-4 0 7.130002e1
1.068065e2 3.43479425e-1 6.02833283e0 0.00000000e0 5.75112802e0 1.03631476e-2 5.32625258e-3 1.17167369e-1 1.82579185e-4 8.14135412e-3 1.13865000e-3 4.55461000e-4 0 7.140002e1
1.069065e2 3.43479454e-1 6.02833734e0 0.00000000e0 5.75049147e0 1.03508373e-2 5.31993387e-3 1.17027115e-1 1.82696032e-4 8.13262371e-3 1.13865000e-3 4.55461000e-4 0 7.150002e1
1.070065e2 3.43479483e-1 6.02834184e0 0.00000000e0 5.74985500e0 1.03385910e-2 5.31364576e-3 1.16887566e-1 1.82812007e-4 8.12393067e-3 1.13865000e-3 4.55461000e-4 0 7.160002e1
1.071065e2 3.43479512e-1 6.02834630e0 0.00000000e0 5.74921862e0 1.03264086e-2 5.30738813e-3 1.16748717e-1 1.82927119e-4 8.11527492e-3 1.13865000e-3 4.55461000e-4 0 7.170002e1
1.072065e2 3.43479541e-1 6.02835075e0 0.00000000e0 5.74858232e0 1.03142897e-2 5.30116085e-3 1.16610565e-1 1.83041377e-4 8.10665641e-3 1.13865000e-3 4.55461000e-4 0 7.180002e1
1.073065e2 3.43479570e-1 6.02835517e0 0.00000000e0 5.74794610e0 1.03022340e-2 5.29496380e-3 1.16473108e-1 1.83154789e-4 8.09807503e-3 1.13865000e-3 4.55461000e-4 0 7.190002e1
1.074065e2 3.43479598e-1 6.02835957e0 0.00000000e0 5.74730997e0 1.02902410e-2 5.28879685e-3 1.16336341e-1 1.83267364e-4 8.08953072e-3 1.13865000e-3 4.55461000e-4 0 7.200002e1
1.075065e2 3.43479626e-1 6.02836395e0 0.00000000e0 5.74667392e0 1.02783106e-2 5.28265990e-3 1.16200263e-1 1.83379110e-4 8.08102339e-3 1.13865000e-3 4.55461000e-4 0 7.210002e1
1.076065e2 3.43479655e-1 6.02836831e0 0.00000000e0 5.74603796e0 1.02664423e-2 5.27655280e-3 1.16064868e-1 1.83490036e-4 8.07255297e-3 1.13865000e-3 4.55461000e-4 0 7.220002e1
1.077065e2 3.43479683e-1 6.02837264e0 0.00000000e0 5.74540208e0 1.02546358e-2 5.27047543e-3 1.15930155e-1 1.83600149e-4 8.06411936e-3 1.13865000e-3 4.55461000e-4 0 7.230002e1
1.078065e2 3.43479711e-1 6.02837696e0 0.00000000e0 5.74476628e0 1.02428908e-2 5.26442768e-3 1.15796120e-1 1.83709458e-4 8.05572247e-3 1.13865000e-3 4.55461000e-4 0 7.240002e1
1.079065e2 3.43479739e-1 6.02838125e0 0.00000000e0 5.74413056e0 1.02312070e-2 5.25840941e-3 1.15662760e-1 1.83817970e-4 8.04736222e-3 1.13865000e-3 4.55461000e-4 0 7.250002e1
1.080065e2 3.43479766e-1 6.02838552e0 0.00000000e0 5.74349493e0 1.02195841e-2 5.25242051e-3 1.15530071e-1 1.83925695e-4 8.03903852e-3 1.13865000e-3 4.55461000e-4 0 7.260002e1
1.081065e2 3.43479794e-1 6.02838977e0 0.00000000e0 5.74285938e0 1.02080216e-2 5.24646084e-3 1.15398051e-1 1.84032639e-4 8.03075128e-3 1.13865000e-3 4.55461000e-4 0 7.270002e1
1.082065e2 3.43479821e-1 6.02839400e0 0.00000000e0 5.74222391e0 1.01965194e-2 5.24053029e-3 1.15266696e-1 1.84138810e-4 8.02250040e-3 1.13865000e-3 4.55461000e-4 0 7.280002e1
1.083065e2 3.43479848e-1 6.02839820e0 0.00000000e0 5.74158853e0 1.01850771e-2 5.23462872e-3 1.15136003e-1 1.84244216e-4 8.01428578e-3 1.13865000e-3 4.55461000e-4 0 7.290002e1
1.084065e2 3.43479876e-1 6.02840239e0 0.00000000e0 5.74095323e0 1.01736943e-2 5.22875602e-3 1.15005969e-1 1.84348865e-4 8.00610734e-3 1.13865000e-3 4.55461000e-4 0 7.300002e1
1.085065e2 3.43479903e-1 6.02840655e0 0.00000000e0 5.74031801e0 1.01623708e-2 5.22291207e-3 1.14876591e-1 1.84452764e-4 7.99796496e-3 1.13865000e-3 4.55461000e-4 0 7.310002e1
1.086065e2 3.43479930e-1 6.02841069e0 0.00000000e0 5.73968288e0 1.01511062e-2 5.21709672e-3 1.14747865e-1 1.84555921e-4 7.98985856e-3 1.13865000e-3 4.55461000e-4 0 7.320002e1
1.087065e2 3.43479956e-1 6.02841481e0 0.00000000e0 5.73904783e0 1.01399002e-2 5.21130987e-3 1.14619789e-1 1.84658343e-4 7.98178803e-3 1.13865000e-3 4.55461000e-4 0 7.330002e1
1.088065e2 3.43479983e-1 6.02841892e0 0.00000000e0 5.73841286e0 1.01287525e-2 5.20555138e-3 1.14492359e-1 1.84760037e-4 7.97375327e-3 1.13865000e-3 4.55461000e-4 0 7.340002e1
1.089065e2 3.43480009e-1 6.02842300e0 0.00000000e0 5.73777797e0 1.01176629e-2 5.19982114e-3 1.14365572e-1 1.84861011e-4 7.96575418e-3 1.13865000e-3 4.55461000e-4 0 7.350002e1
1.090065e2 3.43480036e-1 6.02842706e0 0.00000000e0 5.73714317e0 1.01066309e-2 5.19411902e-3 1.14239425e-1 1.84961271e-4 7.95779065e-3 1.13865000e-3 4.55461000e-4 0 7.360002e1
1.091065e2 3.43480062e-1 6.02843110e0 0.00000000e0 5.73650844e0 1.00956563e-2 5.18844489e-3 1.14113915e-1 1.85060826e-4 7.94986257e-3 1.13865000e-3 4.55461000e-4 0 7.370002e1
1.092065e2 3.43480088e-1 6.02843511e0 0.00000000e0 5.73587380e0 1.00847388e-2 5.18279863e-3 1.13989039e-1 1.85159681e-4 7.94196985e-3 1.13865000e-3 4.55461000e-4 0 7.380002e1
1.093065e2 3.43480114e-1 6.02843911e0 0.00000000e0 5.73523924e0 1.00738780e-2 5.17718011e-3 1.13864793e-1 1.85257844e-4 7.93411237e-3 1.13865000e-3 4.55461000e-4 0 7.390002e1
1.094065e2 3.43480140e-1 6.02844309e0 0.00000000e0 5.73460477e0 1.00630737e-2 5.17158922e-3 1.13741175e-1 1.85355322e-4 7.92629002e-3 1.13865000e-3 4.55461000e-4 0 7.400002e1
1.095065e2 3.43480166e-1 6.02844705e0 0.00000000e0 5.73397037e0 1.00523256e-2 5.16602583e-3 1.13618182e-1 1.85452121e-4 7.91850269e-3 1.13865000e-3 4.55461000e-4 0 7.410002e1
1.096065e2 3.43480192e-1 6.02845099e0 0.00000000e0 5.73333606e0 1.00416333e-2 5.16048981e-3 1.13495811e-1 1.85548248e-4 7.91075028e-3 1.13865000e-3 4.55461000e-4 0 7.420002e1
1.097065e2 3.43480217e-1 6.02845491e0 0.00000000e0 5.73270183e0 1.00309966e-2 5.15498105e-3 1.13374057e-1 1.85643711e-4 7.90303267e-3 1.13865000e-3 4.55461000e-4 0 7.430002e1
1.098065e2 3.43480242e-1 6.02845881e0 0.00000000e0 5.73206768e0 1.00204152e-2 5.14949941e-3 1.13252920e-1 1.85738514e-4 7.89534976e-3 1.13865000e-3 4.55461000e-4 0 7.440002e1
1.099065e2 3.43480268e-1 6.02846269e0 0.00000000e0 5.73143362e0 1.00098888e-2 5.14404478e-3 1.13132394e-1 1.85832666e-4 7.88770141e-3 1.13865000e-3 4.55461000e-4 0 7.450002e1
1.100065e2 3.43480293e-1 6.02846655e0 0.00000000e0 5.73079963e0 9.99941698e-3 5.13861703e-3 1.13012478e-1 1.85926172e-4 7.88008754e-3 1.13865000e-3 4.55461000e-4 0 7.460002e1
1.101065e2 3.43480318e-1 6.02847039e0 0.00000000e0 5.73016573e0 9.98899958e-3 5.13321604e-3 1.12893169e-1 1.86019039e-4 7.87250801e-3 1.13865000e-3 4.55461000e-4 0 7.470002e1
1.102065e2 3.43480343e-1 6.02847421e0 0.00000000e0 5.72953190e0 9.97863627e-3 5.12784169e-3 1.12774462e-1 1.86111273e-4 7.86496271e-3 1.13865000e-3 4.55461000e-4 0 7.480002e1
1.103065e2 3.43480368e-1 6.02847801e0 0.00000000e0 5.72889816e0 9.96832676e-3 5.12249385e-3 1.12656356e-1 1.86202881e-4 7.85745153e-3 1.13865000e-3 4.55461000e-4 0 7.490002e1
1.104065e2 3.43480392e-1 6.02848179e0 0.00000000e0 5.72826450e0 9.95807076e-3 5.11717241e-3 1.12538847e-1 1.86293868e-4 7.84997435e-3 1.13865000e-3 4.55461000e-4 0 7.500002e1
1.105065e2 3.43480417e-1 6.02848556e0 0.00000000e0 5.72763092e0 9.94786799e-3 5.11187723e-3 1.12421933e-1 1.86384240e-4 7.84253105e-3 1.13865000e-3 4.55461000e-4 0 7.510002e1
1.106065e2 3.43480441e-1 6.02848930e0 0.00000000e0 5.72699742e0 9.93771815e-3 5.10660821e-3 1.12305610e-1 1.86474005e-4 7.83512152e-3 1.13865000e-3 4.55461000e-4 0 7.520002e1
1.107065e2 3.43480466e-1 6.02849303e0 0.00000000e0 5.72636401e0 9.92762097e-3 5.10136522e-3 1.12189876e-1 1.86563167e-4 7.82774563e-3 1.13865000e-3 4.55461000e-4 0 7.530002e1
1.108065e2 3.43480490e-1 6.02849673e0 0.00000000e0 5.72573067e0 9.91757616e-3 5.09614813e-3 1.12074727e-1 1.86651734e-4 7.82040327e-3 1.13865000e-3 4.55461000e-4 0 7.540002e1
1.109065e2 3.43480514e-1 6.02850042e0 0.00000000e0 5.72509742e0 9.90758343e-3 5.09095682e-3 1.11960161e-1 1.86739710e-4 7.81309432e-3 1.13865000e-3 4.55461000e-4 0 7.550002e1
1.110065e2 3.43480538e-1 6.02850409e0 0.00000000e0 5.72446424e0 9.89764251e-3 5.08579118e-3 1.11846174e-1 1.86827101e-4 7.80581866e-3 1.13865000e-3 4.55461000e-4 0 7.560002e1
1.111065e2 3.43480562e-1 6.02850774e0 0.00000000e0 5.72383115e0 9.88775311e-3 5.08065109e-3 1.11732764e-1 1.86913914e-4 7.79857617e-3 1.13865000e-3 4.55461000e-4 0 7.570002e1
1.112065e2 3.43480585e-1 6.02851137e0 0.00000000e0 5.72319814e0 9.87791496e-3 5.07553642e-3 1.11619928e-1 1.87000153e-4 7.79136672e-3 1.13865000e-3 4.55461000e-4 0 7.580002e1
1.113065e2 3.43480609e-1 6.02851499e0 0.00000000e0 5.72256521e0 9.86812779e-3 5.07044706e-3 1.11507663e-1 1.87085825e-4 7.78419019e-3 1.13865000e-3 4.55461000e-4 0 7.590002e1
1.114065e2 3.43480633e-1 6.02851858e0 0.00000000e0 5.72193236e0 9.85839131e-3 5.06538288e-3 1.11395966e-1 1.87170936e-4 7.77704647e-3 1.13865000e-3 4.55461000e-4 0 7.600002e1
1.115065e2 3.43480656e-1 6.02852216e0 0.00000000e0 5.72129959e0 9.84870525e-3 5.06034376e-3 1.11284834e-1 1.87255490e-4 7.76993543e-3 1.13865000e-3 4.55461000e-4 0 7.610002e1
1.116065e2 3.43480679e-1 6.02852572e0 0.00000000e0 5.72066690e0 9.83906934e-3 5.05532960e-3 1.11174265e-1 1.87339494e-4 7.76285695e-3 1.13865000e-3 4.55461000e-4 0 7.620002e1
1.117065e2 3.43480702e-1 6.02852926e0 0.00000000e0 5.72003429e0 9.82948331e-3 5.05034026e-3 1.11064255e-1 1.87422952e-4 7.75581091e-3 1.13865000e-3 4.55461000e-4 0 7.630002e1
1.118065e2 3.43480725e-1 6.02853279e0 0.00000000e0 5.71940176e0 9.81994689e-3 5.04537563e-3 1.10954801e-1 1.87505870e-4 7.74879718e-3 1.13865000e-3 4.55461000e-4 0 7.640002e1
1.119065e2 3.43480748e-1 6.02853629e0 0.00000000e0 5.71876931e0 9.81045980e-3 5.04043559e-3 1.10845902e-1 1.87588254e-4 7.74181563e-3 1.13865000e-3 4.55461000e-4 0 7.650002e1
1.120065e2 3.43480771e-1 6.02853978e0 0.00000000e0 5.71813694e0 9.80102179e-3 5.03552003e-3 1.10737553e-1 1.87670108e-4 7.73486616e-3 1.13865000e-3 4.55461000e-4 0 7.660002e1
1.121065e2 3.43480794e-1 6.02854325e0 0.00000000e0 5.71750465e0 9.79163259e-3 5.03062882e-3 1.10629753e-1 1.87751438e-4 7.72794862e-3 1.13865000e-3 4.55461000e-4 0 7.670002e1
1.122065e2 3.43480817e-1 6.02854671e0 0.00000000e0 5.71687244e0 9.78229192e-3 5.02576185e-3 1.10522498e-1 1.87832249e-4 7.72106290e-3 1.13865000e-3 4.55461000e-4 0 7.680002e1
1.123065e2 3.43480839e-1 6.02855014e0 0.00000000e0 5.71624031e0 9.77299954e-3 5.02091900e-3 1.10415785e-1 1.87912547e-4 7.71420888e-3 1.13865000e-3 4.55461000e-4 0 7.690002e1
1.124065e2 3.43480862e-1 6.02855356e0 0.00000000e0 5.71560826e0 9.76375516e-3 5.01610016e-3 1.10309613e-1 1.87992335e-4 7.70738642e-3 1.13865000e-3 4.55461000e-4 0 7.700002e1
1.125065e2 3.43480884e-1 6.02855696e0 0.00000000e0 5.71497630e0 9.75455855e-3 5.01130520e-3 1.10203977e-1 1.88071620e-4 7.70059541e-3 1.13865000e-3 4.55461000e-4 0 7.710002e1
1.126065e2 3.43480906e-1 6.02856035e0 0.00000000e0 5.71434441e0 9.74540942e-3 5.00653402e-3 1.10098876e-1 1.88150406e-4 7.69383572e-3 1.13865000e-3 4.55461000e-4 0 7.720002e1
1.127065e2 3.43480928e-1 6.02856372e0 0.00000000e0 5.71371260e0 9.73630754e-3 5.00178650e-3 1.09994306e-1 1.88228698e-4 7.68710722e-3 1.13865000e-3 4.55461000e-4 0 7.730002e1
1.128065e2 3.43480950e-1 6.02856707e0 0.00000000e0 5.71308087e0 9.72725263e-3 4.99706252e-3 1.09890266e-1 1.88306501e-4 7.68040979e-3 1.13865000e-3 4.55461000e-4 0 7.740002e1
1.129065e2 3.43480972e-1 6.02857040e0 0.00000000e0 5.71244922e0 9.71824445e-3 4.99236197e-3 1.09786751e-1 1.88383819e-4 7.67374330e-3 1.13865000e-3 4.55461000e-4 0 7.750002e1
1.130065e2 3.43480994e-1 6.02857372e0 0.00000000e0 5.71181765e0 9.70928274e-3 4.98768473e-3 1.09683760e-1 1.88460658e-4 7.66710764e-3 1.13865000e-3 4.55461000e-4 0 7.760002e1
1.131065e2 3.43481015e-1 6.02857702e0 0.00000000e0 5.71118616e0 9.70036724e-3 4.98303069e-3 1.09581289e-1 1.88537023e-4 7.66050266e-3 1.13865000e-3 4.55461000e-4 0 7.770002e1
1.132065e2 3.43481037e-1 6.02858030e0 0.00000000e0 5.71055475e0 9.69149770e-3 4.97839974e-3 1.09479337e-1 1.88612917e-4 7.65392826e-3 1.13865000e-3 4.55461000e-4 0 7.780002e1
1.133065e2 3.43481058e-1 6.02858357e0 0.00000000e0 5.70992342e0 9.68267388e-3 4.97379175e-3 1.09377899e-1 1.88688346e-4 7.64738429e-3 1.13865000e-3 4.55461000e-4 0 7.790002e1
1.134065e2 3.43481080e-1 6.02858682e0 0.00000000e0 5.70929217e0 9.67389553e-3 4.96920663e-3 1.09276975e-1 1.88763313e-4 7.64087064e-3 1.13865000e-3 4.55461000e-4 0 7.800002e1
1.135065e2 3.43481101e-1 6.02859005e0 0.00000000e0 5.70866099e0 9.66516239e-3 4.96464425e-3 1.09176560e-1 1.88837825e-4 7.63438719e-3 1.13865000e-3 4.55461000e-4 0 7.810002e1
1.136065e2 3.43481122e-1 6.02859327e0 0.00000000e0 5.70802990e0 9.65647421e-3 4.96010451e-3 1.09076653e-1 1.88911884e-4 7.62793380e-3 1.13865000e-3 4.55461000e-4 0 7.820002e1
1.137065e2 3.43481143e-1 6.02859647e0 0.00000000e0 5.70739889e0 9.64783076e-3 4.95558729e-3 1.08977251e-1 1.88985496e-4 7.62151035e-3 1.13865000e-3 4.55461000e-4 0 7.830002e1
1.138065e2 3.43481164e-1 6.02859966e0 0.00000000e0 5.70676795e0 9.63923179e-3 4.95109248e-3 1.08878351e-1 1.89058665e-4 7.61511671e-3 1.13865000e-3 4.55461000e-4 0 7.840002e1
1.139065e2 3.43481185e-1 6.02860283e0 0.00000000e0 5.70613710e0 9.63067705e-3 4.94661997e-3 1.08779950e-1 1.89131395e-4 7.60875276e-3 1.13865000e-3 4.55461000e-4 0 7.850002e1
1.140065e2 3.43481206e-1 6.02860598e0 0.00000000e0 5.70550632e0 9.62216631e-3 4.94216965e-3 1.08682046e-1 1.89203691e-4 7.60241838e-3 1.13865000e-3 4.55461000e-4 0 7.860002e1
1.141065e2 3.43481226e-1 6.02860912e0 0.00000000e0 5.70487562e0 9.61369931e-3 4.93774140e-3 1.08584636e-1 1.89275557e-4 7.59611343e-3 1.13865000e-3 4.55461000e-4 0 7.870002e1
1.142065e2 3.43481247e-1 6.02861224e0 0.00000000e0 5.70424500e0 9.60527583e-3 4.93333512e-3 1.08487719e-1 1.89346996e-4 7.58983780e-3 1.13865000e-3 4.55461000e-4 0 7.880002e1
1.143065e2 3.43481267e-1 6.02861535e0 0.00000000e0 5.70361446e0 9.59689562e-3 4.92895070e-3 1.08391290e-1 1.89418014e-4 7.58359136e-3 1.13865000e-3 4.55461000e-4 0 7.890002e1
1.144065e2 3.43481288e-1 6.02861844e0 0.00000000e0 5.70298400e0 9.58855845e-3 4.92458803e-3 1.08295348e-1 1.89488614e-4 7.57737397e-3 1.13865000e-3 4.55461000e-4 0 7.900002e1
1.145065e2 3.43481308e-1 6.02862152e0 0.00000000e0 5.70235362e0 9.58026408e-3 4.92024700e-3 1.08199890e-1 1.89558801e-4 7.57118553e-3 1.13865000e-3 4.55461000e-4 0 7.910002e1
1.146065e2 3.43481328e-1 6.02862458e0 0.00000000e0 5.70172332e0 9.57201227e-3 4.91592750e-3 1.08104914e-1 1.89628578e-4 7.56502590e-3 1.13865000e-3 4.55461000e-4 0 7.920002e1
1.147065e2 3.43481348e-1 6.02862762e0 0.00000000e0 5.70109309e0 9.56380280e-3 4.91162943e-3 1.08010416e-1 1.89697950e-4 7.55889495e-3 1.13865000e-3 4.55461000e-4 0 7.930002e1
1.148065e2 3.43481368e-1 6.02863065e0 0.00000000e0 5.70046295e0 9.55563542e-3 4.90735267e-3 1.07916395e-1 1.89766920e-4 7.55279257e-3 1.13865000e-3 4.55461000e-4 0 7.940002e1
1.149065e2 3.43481388e-1 6.02863366e0 0.00000000e0 5.69983288e0 9.54750991e-3 4.90309711e-3 1.07822848e-1 1.89835493e-4 7.54671863e-3 1.13865000e-3 4.55461000e-4 0 7.950002e1
1.150065e2 3.43481408e-1 6.02863666e0 0.00000000e0 5.69920289e0 9.53942604e-3 4.89886266e-3 1.07729773e-1 1.89903672e-4 7.54067300e-3 1.13865000e-3 4.55461000e-4 0 7.960002e1
1.151065e2 3.43481427e-1 6.02863965e0 0.00000000e0 5.69857298e0 9.53138358e-3 4.89464920e-3 1.07637167e-1 1.89971461e-4 7.53465556e-3 1.13865000e-3 4.55461000e-4 0 7.970002e1
1.152065e2 3.43481447e-1 6.02864261e0 0.00000000e0 5.69794315e0 9.52338229e-3 4.89045664e-3 1.07545027e-1 1.90038864e-4 7.52866619e-3 1.13865000e-3 4.55461000e-4 0 7.980002e1
1.153065e2 3.43481466e-1 6.02864557e0 0.00000000e0 5.69731340e0 9.51542196e-3 4.88628485e-3 1.07453351e-1 1.90105885e-4 7.52270476e-3 1.13865000e-3 4.55461000e-4 0 7.990002e1
1.154065e2 3.43481486e-1 6.02864851e0 0.00000000e0 5.69668372e0 9.50750236e-3 4.88213374e-3 1.07362137e-1 1.90172528e-4 7.51677114e-3 1.13865000e-3 4.55461000e-4 0 8.000002e1
1.155065e2 3.43481505e-1 6.02865143e0 0.00000000e0 5.69605412e0 9.49962326e-3 4.87800321e-3 1.07271382e-1 1.90238795e-4 7.51086522e-3 1.13865000e-3 4.55461000e-4 0 8.010002e1
1.156065e2 3.43481524e-1 6.02865434e0 0.00000000e0 5.69542461e0 9.49178444e-3 4.87389314e-3 1.07181084e-1 1.90304692e-4 7.50498687e-3 1.13865000e-3 4.55461000e-4 0 8.020002e1
1.157065e2 3.43481543e-1 6.02865724e0 0.00000000e0 5.69479517e0 9.48398568e-3 4.86980343e-3 1.07091240e-1 1.90370221e-4 7.49913597e-3 1.13865000e-3 4.55461000e-4 0 8.030002e1
1.158065e2 3.43481562e-1 6.02866012e0 0.00000000e0 5.69416580e0 9.47622676e-3 4.86573399e-3 1.07001848e-1 1.90435387e-4 7.49331240e-3 1.13865000e-3 4.55461000e-4 0 8.040002e1
1.159065e2 3.43481581e-1 6.02866299e0 0.00000000e0 5.69353652e0 9.46850745e-3 4.86168470e-3 1.06912906e-1 1.90500192e-4 7.48751602e-3 1.13865000e-3 4.55461000e-4 0 8.050002e1
1.160065e2 3.43481600e-1 6.02866584e0 0.00000000e0 5.69290732e0 9.46082754e-3 4.85765546e-3 1.06824411e-1 1.90564640e-4 7.48174673e-3 1.13865000e-3 4.55461000e-4 0 8.060002e1
1.161065e2 3.43481619e-1 6.02866868e0 0.00000000e0 5.69227819e0 9.45318681e-3 4.85364618e-3 1.06736361e-1 1.90628735e-4 7.47600439e-3 1.13865000e-3 4.55461000e-4 0 8.070002e1
1.162065e2 3.43481637e-1 6.02867150e0 0.00000000e0 5.69164914e0 9.44558505e-3 4.84965674e-3 1.06648753e-1 1.90692480e-4 7.47028889e-3 1.13865000e-3 4.55461000e-4 0 8.080002e1
1.163065e2 3.43481656e-1 6.02867431e0 0.00000000e0 5.69102017e0 9.43802203e-3 4.84568705e-3 1.06561585e-1 1.90755878e-4 7.46460010e-3 1.13865000e-3 4.55461000e-4 0 8.090002e1
1.164065e2 3.43481674e-1 6.02867711e0 0.00000000e0 5.69039127e0 9.43049755e-3 4.84173701e-3 1.06474855e-1 1.90818934e-4 7.45893791e-3 1.13865000e-3 4.55461000e-4 0 8.100002e1
1.165065e2 3.43481693e-1 6.02867989e0 0.00000000e0 5.68976246e0 9.42301139e-3 4.83780651e-3 1.06388561e-1 1.90881650e-4 7.45330218e-3 1.13865000e-3 4.55461000e-4 0 8.110002e1
1.166065e2 3.43481711e-1 6.02868265e0 0.00000000e0 5.68913372e0 9.41556333e-3 4.83389545e-3 1.06302699e-1 1.90944030e-4 7.44769280e-3 1.13865000e-3 4.55461000e-4 0 8.120002e1
1.167065e2 3.43481729e-1 6.02868541e0 0.00000000e0 5.68850506e0 9.40815317e-3 4.83000374e-3 1.06217269e-1 1.91006076e-4 7.44210966e-3 1.13865000e-3 4.55461000e-4 0 8.130002e1
1.168065e2 3.43481747e-1 6.02868815e0 0.00000000e0 5.68787648e0 9.40078070e-3 4.82613127e-3 1.06132267e-1 1.91067793e-4 7.43655262e-3 1.13865000e-3 4.55461000e-4 0 8.140002e1
1.169065e2 3.43481766e-1 6.02869088e0 0.00000000e0 5.68724797e0 9.39344571e-3 4.82227795e-3 1.06047691e-1 1.91129183e-4 7.43102157e-3 1.13865000e-3 4.55461000e-4 0 8.150002e1
1.170065e2 3.43481783e-1 6.02869359e0 0.00000000e0 5.68661955e0 9.38614799e-3 4.81844368e-3 1.05963539e-1 1.91190249e-4 7.42551638e-3 1.13865000e-3 4.55461000e-4 0 8.160002e1
1.171065e2 3.43481801e-1 6.02869629e0 0.00000000e0 5.68599120e0 9.37888733e-3 4.81462835e-3 1.05879808e-1 1.91250996e-4 7.42003695e-3 1.13865000e-3 4.55461000e-4 0 8.170002e1
1.172065e2 3.43481819e-1 6.02869897e0 0.00000000e0 5.68536293e0 9.37166354e-3 4.81083187e-3 1.05796497e-1 1.91311425e-4 7.41458314e-3 1.13865000e-3 4.55461000e-4 0 8.180002e1
1.173065e2 3.43481837e-1 6.02870165e0 0.00000000e0 5.68473473e0 9.36447639e-3 4.80705414e-3 1.05713604e-1 1.91371540e-4 7.40915484e-3 1.13865000e-3 4.55461000e-4 0 8.190002e1
1.174065e2 3.43481854e-1 6.02870431e0 0.00000000e0 5.68410662e0 9.35732569e-3 4.80329507e-3 1.05631125e-1 1.91431344e-4 7.40375193e-3 1.13865000e-3 4.55461000e-4 0 8.200002e1
1.175065e2 3.43481872e-1 6.02870695e0 0.00000000e0 5.68347858e0 9.35021124e-3 4.79955455e-3 1.05549059e-1 1.91490841e-4 7.39837430e-3 1.13865000e-3 4.55461000e-4 0 8.210002e1
1.176065e2 3.43481889e-1 6.02870959e0 0.00000000e0 5.68285062e0 9.34313284e-3 4.79583250e-3 1.05467403e-1 1.91550032e-4 7.39302182e-3 1.13865000e-3 4.55461000e-4 0 8.220002e1
1.177065e2 3.43481907e-1 6.02871221e0 0.00000000e0 5.68222273e0 9.33609028e-3 4.79212881e-3 1.05386156e-1 1.91608921e-4 7.38769437e-3 1.13865000e-3 4.55461000e-4 0 8.230002e1
1.178065e2 3.43481924e-1 6.02871481e0 0.00000000e0 5.68159493e0 9.32908336e-3 4.78844339e-3 1.05305315e-1 1.91667512e-4 7.38239185e-3 1.13865000e-3 4.55461000e-4 0 8.240002e1
1.179065e2 3.43481941e-1 6.02871741e0 0.00000000e0 5.68096720e0 9.32211190e-3 4.78477614e-3 1.05224877e-1 1.91725806e-4 7.37711412e-3 1.13865000e-3 4.55461000e-4 0 8.250002e1
1.180065e2 3.43481958e-1 6.02871999e0 0.00000000e0 5.68033954e0 9.31517568e-3 4.78112697e-3 1.05144842e-1 1.91783807e-4 7.37186108e-3 1.13865000e-3 4.55461000e-4 0 8.260002e1
1.181065e2 3.43481975e-1 6.02872256e0 0.00000000e0 5.67971197e0 9.30827452e-3 4.77749579e-3 1.05065206e-1 1.91841518e-4 7.36663261e-3 1.13865000e-3 4.55461000e-4 0 8.270002e1
1.182065e2 3.43481992e-1 6.02872511e0 0.00000000e0 5.67908447e0 9.30140821e-3 4.77388250e-3 1.04985967e-1 1.91898941e-4 7.36142859e-3 1.13865000e-3 4.55461000e-4 0 8.280002e1
1.183065e2 3.43482009e-1 6.02872765e0 0.00000000e0 5.67845705e0 9.29457657e-3 4.77028700e-3 1.04907124e-1 1.91956079e-4 7.35624890e-3 1.13865000e-3 4.55461000e-4 0 8.290002e1
1.184065e2 3.43482026e-1 6.02873018e0 0.00000000e0 5.67782971e0 9.28777940e-3 4.76670921e-3 1.04828674e-1 1.92012936e-4 7.35109344e-3 1.13865000e-3 4.55461000e-4 0 8.300002e1
1.185065e2 3.43482043e-1 6.02873270e0 0.00000000e0 5.67720244e0 9.28101650e-3 4.76314903e-3 1.04750615e-1 1.92069513e-4 7.34596208e-3 1.13865000e-3 4.55461000e-4 0 8.310002e1
1.186065e2 3.43482059e-1 6.02873521e0 0.00000000e0 5.67657525e0 9.27428769e-3 4.75960637e-3 1.04672944e-1 1.92125814e-4 7.34085470e-3 1.13865000e-3 4.55461000e-4 0 8.320002e1
1.187065e2 3.43482076e-1 6.02873770e0 0.00000000e0 5.67594814e0 9.26759278e-3 4.75608114e-3 1.04595661e-1 1.92181841e-4 7.33577121e-3 1.13865000e-3 4.55461000e-4 0 8.330002e1
1.188065e2 3.43482092e-1 6.02874018e0 0.00000000e0 5.67532110e0 9.26093158e-3 4.75257324e-3 1.04518762e-1 1.92237597e-4 7.33071147e-3 1.13865000e-3 4.55461000e-4 0 8.340002e1
1.189065e2 3.43482109e-1 6.02874265e0 0.00000000e0 5.67469415e0 9.25430389e-3 4.74908258e-3 1.04442246e-1 1.92293084e-4 7.32567538e-3 1.13865000e-3 4.55461000e-4 0 8.350002e1
1.190065e2 3.43482125e-1 6.02874510e0 0.00000000e0 5.67406727e0 9.24770954e-3 4.74560908e-3 1.04366111e-1 1.92348306e-4 7.32066282e-3 1.13865000e-3 4.55461000e-4 0 8.360002e1
1.191065e2 3.43482141e-1 6.02874755e0 0.00000000e0 5.67344046e0 9.24114833e-3 4.74215264e-3 1.04290354e-1 1.92403264e-4 7.31567368e-3 1.13865000e-3 4.55461000e-4 0 8.370002e1
1.192065e2 3.43482157e-1 6.02874998e0 0.00000000e0 5.67281373e0 9.23462008e-3 4.73871317e-3 1.04214973e-1 1.92457962e-4 7.31070785e-3 1.13865000e-3 4.55461000e-4 0 8.380002e1
1.193065e2 3.43482173e-1 6.02875240e0 0.00000000e0 5.67218708e0 9.22812460e-3 4.73529059e-3 1.04139967e-1 1.92512401e-4 7.30576522e-3 1.13865000e-3 4.55461000e-4 0 8.390002e1
1.194065e2 3.43482189e-1 6.02875481e0 0.00000000e0 5.67156051e0 9.22166172e-3 4.73188480e-3 1.04065333e-1 1.92566584e-4 7.30084566e-3 1.13865000e-3 4.55461000e-4 0 8.400002e1
1.195065e2 3.43482205e-1 6.02875720e0 0.00000000e0 5.67093401e0 9.21523124e-3 4.72849571e-3 1.03991070e-1 1.92620515e-4 7.29594908e-3 1.13865000e-3 4.55461000e-4 0 8.410002e1
1.196065e2 3.43482221e-1 6.02875959e0 0.00000000e0 5.67030759e0 9.20883300e-3 4.72512324e-3 1.03917175e-1 1.92674195e-4 7.29107535e-3 1.13865000e-3 4.55461000e-4 0 8.420002e1
1.197065e2 3.43482237e-1 6.02876196e0 0.00000000e0 5.66968125e0 9.20246680e-3 4.72176730e-3 1.03843646e-1 1.92727626e-4 7.28622438e-3 1.13865000e-3 4.55461000e-4 0 8.430002e1
1.198065e2 3.43482253e-1 6.02876432e0 0.00000000e0 5.66905498e0 9.19613246e-3 4.71842780e-3 1.03770482e-1 1.92780812e-4 7.28139604e-3 1.13865000e-3 4.55461000e-4 0 8.440002e1
1.199065e2 3.43482268e-1 6.02876667e0 0.00000000e0 5.66842879e0 9.18982982e-3 4.71510466e-3 1.03697680e-1 1.92833754e-4 7.27659023e-3 1.13865000e-3 4.55461000e-4 0 8.450002e1
1.200065e2 3.43482284e-1 6.02876901e0 0.00000000e0 5.66780268e0 9.18355868e-3 4.71179778e-3 1.03625238e-1 1.92886454e-4 7.27180683e-3 1.13865000e-3 4.55461000e-4 0 8.460002e1
1.201065e2 3.43482299e-1 6.02877134e0 0.00000000e0 5.66717664e0 9.17731888e-3 4.70850708e-3 1.03553155e-1 1.92938917e-4 7.26704574e-3 1.13865000e-3 4.55461000e-4 0 8.470002e1
1.202065e2 3.43482315e-1 6.02877365e0 0.00000000e0 5.66655068e0 9.17111024e-3 4.70523247e-3 1.03481428e-1 1.92991142e-4 7.26230685e-3 1.13865000e-3 4.55461000e-4 0 8.480002e1
1.203065e2 3.43482330e-1 6.02877595e0 0.00000000e0 5.66592479e0 9.16493258e-3 4.70197388e-3 1.03410056e-1 1.93043134e-4 7.25759005e-3 1.13865000e-3 4.55461000e-4 0 8.490002e1
1.204065e2 3.43482345e-1 6.02877825e0 0.00000000e0 5.66529898e0 9.15878573e-3 4.69873121e-3 1.03339036e-1 1.93094893e-4 7.25289523e-3 1.13865000e-3 4.55461000e-4 0 8.500002e1
1.205065e2 3.43482361e-1 6.02878053e0 0.00000000e0 5.66467325e0 9.15266952e-3 4.69550437e-3 1.03268367e-1 1.93146423e-4 7.24822228e-3 1.13865000e-3 4.55461000e-4 0 8.510002e1
1.206065e2 3.43482376e-1 6.02878280e0 0.00000000e0 5.66404760e0 9.14658377e-3 4.69229330e-3 1.03198047e-1 1.93197726e-4 7.24357110e-3 1.13865000e-3 4.55461000e-4 0 8.520002e1
1.207065e2 3.43482391e-1 6.02878506e0 0.00000000e0 5.66342202e0 9.14052831e-3 4.68909789e-3 1.03128073e-1 1.93248803e-4 7.23894158e-3 1.13865000e-3 4.55461000e-4 0 8.530002e1
1.208065e2 3.43482406e-1 6.02878730e0 0.00000000e0 5.66279652e0 9.13450297e-3 4.68591806e-3 1.03058445e-1 1.93299657e-4 7.23433361e-3 1.13865000e-3 4.55461000e-4 0 8.540002e1
1.209065e2 3.43482421e-1 6.02878954e0 0.00000000e0 5.66217109e0 9.12850759e-3 4.68275375e-3 1.02989159e-1 1.93350291e-4 7.22974708e-3 1.13865000e-3 4.55461000e-4 0 8.550002e1
1.210065e2 3.43482436e-1 6.02879176e0 0.00000000e0 5.66154574e0 9.12254198e-3 4.67960485e-3 1.02920215e-1 1.93400705e-4 7.22518188e-3 1.13865000e-3 4.55461000e-4 0 8.560002e1
1.211065e2 3.43482450e-1 6.02879398e0 0.00000000e0 5.66092047e0 9.11660600e-3 4.67647129e-3 1.02851610e-1 1.93450903e-4 7.22063793e-3 1.13865000e-3 4.55461000e-4 0 8.570002e1
1.212065e2 3.43482465e-1 6.02879618e0 0.00000000e0 5.66029527e0 9.11069946e-3 4.67335298e-3 1.02783343e-1 1.93500887e-4 7.21611509e-3 1.13865000e-3 4.55461000e-4 0 8.580002e1
1.213065e2 3.43482480e-1 6.02879838e0 0.00000000e0 5.65967015e0 9.10482221e-3 4.67024985e-3 1.02715411e-1 1.93550658e-4 7.21161328e-3 1.13865000e-3 4.55461000e-4 0 8.590002e1
1.214065e2 3.43482494e-1 6.02880056e0 0.00000000e0 5.65904510e0 9.09897408e-3 4.66716181e-3 1.02647813e-1 1.93600219e-4 7.20713239e-3 1.13865000e-3 4.55461000e-4 0 8.600002e1
1.215065e2 3.43482509e-1 6.02880273e0 0.00000000e0 5.65842013e0 9.09315490e-3 4.66408878e-3 1.02580546e-1 1.93649571e-4 7.20267231e-3 1.13865000e-3 4.55461000e-4 0 8.610002e1
1.216065e2 3.43482523e-1 6.02880489e0 0.00000000e0 5.65779524e0 9.08736451e-3 4.66103068e-3 1.02513610e-1 1.93698717e-4 7.19823294e-3 1.13865000e-3 4.55461000e-4 0 8.620002e1
1.217065e2 3.43482538e-1 6.02880704e0 0.00000000e0 5.65717042e0 9.08160275e-3 4.65798744e-3 1.02447002e-1 1.93747659e-4 7.19381417e-3 1.13865000e-3 4.55461000e-4 0 8.630002e1
1.218065e2 3.43482552e-1 6.02880918e0 0.00000000e0 5.65654568e0 9.07586945e-3 4.65495896e-3 1.02380721e-1 1.93796399e-4 7.18941591e-3 1.13865000e-3 4.55461000e-4 0 8.640002e1
1.219065e2 3.43482566e-1 6.02881131e0 0.00000000e0 5.65592102e0 9.07016446e-3 4.65194518e-3 1.02314764e-1 1.93844938e-4 7.18503804e-3 1.13865000e-3 4.55461000e-4 0 8.650002e1
1.220065e2 3.43482580e-1 6.02881343e0 0.00000000e0 5.65529643e0 9.06448762e-3 4.64894600e-3 1.02249130e-1 1.93893278e-4 7.18068048e-3 1.13865000e-3 4.55461000e-4 0 8.660002e1
1.221065e2 3.43482594e-1 6.02881554e0 0.00000000e0 5.65467192e0 9.05883877e-3 4.64596137e-3 1.02183817e-1 1.93941422e-4 7.17634311e-3 1.13865000e-3 4.55461000e-4 0 8.670002e1
1.222065e2 3.43482608e-1 6.02881764e0 0.00000000e0 5.65404748e0 9.05321774e-3 4.64299118e-3 1.02118824e-1 1.93989372e-4 7.17202583e-3 1.13865000e-3 4.55461000e-4 0 8.680002e1
1.223065e2 3.43482622e-1 6.02881973e0 0.00000000e0 5.65342312e0 9.04762439e-3 4.64003537e-3 1.02054148e-1 1.94037129e-4 7.16772855e-3 1.13865000e-3 4.55461000e-4 0 8.690002e1
1.224065e2 3.43482636e-1 6.02882181e0 0.00000000e0 5.65279883e0 9.04205855e-3 4.63709387e-3 1.01989788e-1 1.94084695e-4 7.16345116e-3 1.13865000e-3 4.55461000e-4 0 8.700002e1
1.225065e2 3.43482650e-1 6.02882388e0 0.00000000e0 5.65217462e0 9.03652007e-3 4.63416658e-3 1.01925742e-1 1.94132071e-4 7.15919356e-3 1.13865000e-3 4.55461000e-4 0 8.710002e1
1.226065e2 3.43482664e-1 6.02882594e0 0.00000000e0 5.65155049e0 9.03100879e-3 4.63125344e-3 1.01862009e-1 1.94179261e-4 7.15495565e-3 1.13865000e-3 4.55461000e-4 0 8.720002e1
1.227065e2 3.43482677e-1 6.02882798e0 0.00000000e0 5.65092643e0 9.02552457e-3 4.62835437e-3 1.01798586e-1 1.94226265e-4 7.15073733e-3 1.13865000e-3 4.55461000e-4 0 8.730002e1
1.228065e2 3.43482691e-1 6.02883002e0 0.00000000e0 5.65030245e0 9.02006724e-3 4.62546929e-3 1.01735472e-1 1.94273086e-4 7.14653851e-3 1.13865000e-3 4.55461000e-4 0 8.740002e1
1.229065e2 3.43482705e-1 6.02883205e0 0.00000000e0 5.64967854e0 9.01463666e-3 4.62259813e-3 1.01672665e-1 1.94319725e-4 7.14235908e-3 1.13865000e-3 4.55461000e-4 0 8.750002e1
1.230065e2 3.43482718e-1 6.02883407e0 0.00000000e0 5.64905471e0 9.00923268e-3 4.61974081e-3 1.01610164e-1 1.94366184e-4 7.13819895e-3 1.13865000e-3 4.55461000e-4 0 8.760002e1
1.231065e2 3.43482732e-1 6.02883608e0 0.00000000e0 5.64843096e0 9.00385513e-3 4.61689726e-3 1.01547966e-1 1.94412464e-4 7.13405802e-3 1.13865000e-3 4.55461000e-4 0 8.770002e1
1.232065e2 3.43482745e-1 6.02883808e0 0.00000000e0 5.64780728e0 8.99850388e-3 4.61406739e-3 1.01486071e-1 1.94458568e-4 7.12993618e-3 1.13865000e-3 4.55461000e-4 0 8.780002e1
1.233065e2 3.43482758e-1 6.02884007e0 0.00000000e0 5.64718367e0 8.99317878e-3 4.61125115e-3 1.01424476e-1 1.94504497e-4 7.12583335e-3 1.13865000e-3 4.55461000e-4 0 8.790002e1
1.234065e2 3.43482772e-1 6.02884205e0 0.00000000e0 5.64656014e0 8.98787967e-3 4.60844845e-3 1.01363180e-1 1.94550252e-4 7.12174943e-3 1.13865000e-3 4.55461000e-4 0 8.800002e1
1.235065e2 3.43482785e-1 6.02884402e0 0.00000000e0 5.64593669e0 8.98260641e-3 4.60565922e-3 1.01302181e-1 1.94595836e-4 7.11768432e-3 1.13865000e-3 4.55461000e-4 0 8.810002e1
1.236065e2 3.43482798e-1 6.02884598e0 0.00000000e0 5.64531331e0 8.97735885e-3 4.60288338e-3 1.01241477e-1 1.94641251e-4 7.11363792e-3 1.13865000e-3 4.55461000e-4 0 8.820002e1
1.237065e2 3.43482811e-1 6.02884794e0 0.00000000e0 5.64469001e0 8.97213684e-3 4.60012087e-3 1.01181068e-1 1.94686496e-4 7.10961013e-3 1.13865000e-3 4.55461000e-4 0 8.830002e1
1.238065e2 3.43482824e-1 6.02884988e0 0.00000000e0 5.64406679e0 8.96694025e-3 4.59737162e-3 1.01120950e-1 1.94731576e-4 7.10560088e-3 1.13865000e-3 4.55461000e-4 0 8.840002e1
1.239065e2 3.43482837e-1 6.02885181e0 0.00000000e0 5.64344363e0 8.96176893e-3 4.59463554e-3 1.01061124e-1 1.94776490e-4 7.10161004e-3 1.13865000e-3 4.55461000e-4 0 8.850002e1
1.240065e2 3.43482850e-1 6.02885374e0 0.00000000e0 5.64282056e0 8.95662272e-3 4.59191256e-3 1.01001586e-1 1.94821241e-4 7.09763755e-3 1.13865000e-3 4.55461000e-4 0 8.860002e1
1.241065e2 3.43482863e-1 6.02885565e0 0.00000000e0 5.64219756e0 8.95150150e-3 4.58920263e-3 1.00942335e-1 1.94865830e-4 7.09368329e-3 1.13865000e-3 4.55461000e-4 0 8.870002e1
1.242065e2 3.43482876e-1 6.02885756e0 0.00000000e0 5.64157464e0 8.94640512e-3 4.58650565e-3 1.00883371e-1 1.94910258e-4 7.08974718e-3 1.13865000e-3 4.55461000e-4 0 8.880002e1
1.243065e2 3.43482888e-1 6.02885945e0 0.00000000e0 5.64095179e0 8.94133343e-3 4.58382158e-3 1.00824690e-1 1.94954528e-4 7.08582912e-3 1.13865000e-3 4.55461000e-4 0 8.890002e1
1.244065e2 3.43482901e-1 6.02886134e0 0.00000000e0 5.64032901e0 8.93628630e-3 4.58115032e-3 1.00766292e-1 1.94998641e-4 7.08192903e-3 1.13865000e-3 4.55461000e-4 0 8.900002e1
1.245065e2 3.43482914e-1 6.02886322e0 0.00000000e0 5.63970631e0 8.93126358e-3 4.57849182e-3 1.00708176e-1 1.95042598e-4 7.07804680e-3 1.13865000e-3 4.55461000e-4 0 8.910002e1
1.246065e2 3.43482926e-1 6.02886509e0 0.00000000e0 5.63908369e0 8.92626515e-3 4.57584600e-3 1.00650338e-1 1.95086400e-4 7.07418234e-3 1.13865000e-3 4.55461000e-4 0 8.920002e1
1.247065e2 3.43482939e-1 6.02886695e0 0.00000000e0 5.63846114e0 8.92129085e-3 4.57321280e-3 1.00592779e-1 1.95130050e-4 7.07033557e-3 1.13865000e-3 4.55461000e-4 0 8.930002e1
1.248065e2 3.43482951e-1 6.02886880e0 0.00000000e0 5.63783867e0 8.91634056e-3 4.57059215e-3 1.00535496e-1 1.95173549e-4 7.06650639e-3 1.13865000e-3 4.55461000e-4 0 8.940002e1
1.249065e2 3.43482963e-1 6.02887064e0 0.00000000e0 5.63721627e0 8.91141413e-3 4.56798396e-3 1.00478488e-1 1.95216898e-4 7.06269471e-3 1.13865000e-3 4.55461000e-4 0 8.950002e1
1.250065e2 3.43482976e-1 6.02887248e0 0.00000000e0 5.63659395e0 8.90651143e-3 4.56538819e-3 1.00421753e-1 1.95260098e-4 7.05890045e-3 1.13865000e-3 4.55461000e-4 0 8.960002e1
1.251065e2 3.43482988e-1 6.02887430e0 0.00000000e0 5.63597170e0 8.90163233e-3 4.56280476e-3 1.00365289e-1 1.95303151e-4 7.05512350e-3 1.13865000e-3 4.55461000e-4 0 8.970002e1
1.252065e2 3.43483000e-1 6.02887612e0 0.00000000e0 5.63534953e0 8.89677668e-3 4.56023360e-3 1.00309096e-1 1.95346059e-4 7.05136378e-3 1.13865000e-3 4.55461000e-4 0 8.980002e1
1.253065e2 3.43483012e-1 6.02887793e0 0.00000000e0 5.63472743e0 8.89194437e-3 4.55767465e-3 1.00253172e-1 1.95388823e-4 7.04762121e-3 1.13865000e-3 4.55461000e-4 0 8.990002e1
1.254065e2 3.43483025e-1 6.02887973e0 0.00000000e0 5.63410541e0 8.88713524e-3 4.55512783e-3 1.00197515e-1 1.95431444e-4 7.04389569e-3 1.13865000e-3 4.55461000e-4 0 9.000002e1
1.255065e2 3.43483037e-1 6.02888152e0 0.00000000e0 5.63348346e0 8.88234918e-3 4.55259309e-3 1.00142124e-1 1.95473924e-4 7.04018713e-3 1.13865000e-3 4.55461000e-4 0 9.010002e1
1.256065e2 3.43483049e-1 6.02888330e0 0.00000000e0 5.63286159e0 8.87758604e-3 4.55007035e-3 1.00086997e-1 1.95516263e-4 7.03649545e-3 1.13865000e-3 4.55461000e-4 0 9.020002e1
1.257065e2 3.43483060e-1 6.02888508e0 0.00000000e0 5.63223980e0 8.87284571e-3 4.54755956e-3 1.00032133e-1 1.95558464e-4 7.03282056e-3 1.13865000e-3 4.55461000e-4 0 9.030002e1
1.258065e2 3.43483072e-1 6.02888684e0 0.00000000e0 5.63161807e0 8.86812804e-3 4.54506063e-3 9.99775303e-2 1.95600527e-4 7.02916236e-3 1.13865000e-3 4.55461000e-4 0 9.040002e1
1.259065e2 3.43483084e-1 6.02888860e0 0.00000000e0 5.63099643e0 8.86343291e-3 4.54257351e-3 9.99231873e-2 1.95642455e-4 7.02552078e-3 1.13865000e-3 4.55461000e-4 0 9.050002e1
1.260065e2 3.43483096e-1 6.02889035e0 0.00000000e0 5.63037486e0 8.85876020e-3 4.54009814e-3 9.98691027e-2 1.95684247e-4 7.02189573e-3 1.13865000e-3 4.55461000e-4 0 9.060002e1
1.261065e2 3.43483108e-1 6.02889209e0 0.00000000e0 5.62975336e0 8.85410976e-3 4.53763445e-3 9.98152751e-2 1.95725907e-4 7.01828711e-3 1.13865000e-3 4.55461000e-4 0 9.070002e1
1.262065e2 3.43483119e-1 6.02889382e0 0.00000000e0 5.62913194e0 8.84948148e-3 4.53518237e-3 9.97617030e-2 1.95767434e-4 7.01469486e-3 1.13865000e-3 4.55461000e-4 0 9.080002e1
1.263065e2 3.43483131e-1 6.02889555e0 0.00000000e0 5.62851059e0 8.84487523e-3 4.53274184e-3 9.97083849e-2 1.95808830e-4 7.01111887e-3 1.13865000e-3 4.55461000e-4 0 9.090002e1
1.264065e2 3.43483143e-1 6.02889727e0 0.00000000e0 5.62788932e0 8.84029088e-3 4.53031280e-3 9.96553195e-2 1.95850096e-4 7.00755906e-3 1.13865000e-3 4.55461000e-4 0 9.100002e1
1.265065e2 3.43483154e-1 6.02889897e0 0.00000000e0 5.62726812e0 8.83572830e-3 4.52789518e-3 9.96025054e-2 1.95891234e-4 7.00401535e-3 1.13865000e-3 4.55461000e-4 0 9.110002e1
1.266065e2 3.43483166e-1 6.02890067e0 0.00000000e0 5.62664700e0 8.83118738e-3 4.52548892e-3 9.95499411e-2 1.95932245e-4 7.00048766e-3 1.13865000e-3 4.55461000e-4 0 9.120002e1
1.267065e2 3.43483177e-1 6.02890237e0 0.00000000e0 5.62602595e0 8.82666799e-3 4.52309396e-3 9.94976252e-2 1.95973130e-4 6.99697590e-3 1.13865000e-3 4.55461000e-4 0 9.130002e1
1.268065e2 3.43483188e-1 6.02890405e0 0.00000000e0 5.62540498e0 8.82217001e-3 4.52071023e-3 9.94455563e-2 1.96013890e-4 6.99347998e-3 1.13865000e-3 4.55461000e-4 0 9.140002e1
1.269065e2 3.43483200e-1 6.02890573e0 0.00000000e0 5.62478408e0 8.81769330e-3 4.51833768e-3 9.93937331e-2 1.96054526e-4 6.98999983e-3 1.13865000e-3 4.55461000e-4 0 9.150002e1
1.270065e2 3.43483211e-1 6.02890740e0 0.00000000e0 5.62416326e0 8.81323776e-3 4.51597624e-3 9.93421542e-2 1.96095040e-4 6.98653535e-3 1.13865000e-3 4.55461000e-4 0 9.160002e1
1.271065e2 3.43483222e-1 6.02890906e0 0.00000000e0 5.62354251e0 8.80880326e-3 4.51362585e-3 9.92908181e-2 1.96135433e-4 6.98308648e-3 1.13865000e-3 4.55461000e-4 0 9.170002e1
1.272065e2 3.43483233e-1 6.02891071e0 0.00000000e0 5.62292184e0 8.80438968e-3 4.51128644e-3 9.92397236e-2 1.96175706e-4 6.97965312e-3 1.13865000e-3 4.55461000e-4 0 9.180002e1
1.273065e2 3.43483244e-1 6.02891236e0 0.00000000e0 5.62230124e0 8.79999690e-3 4.50895797e-3 9.91888692e-2 1.96215860e-4 6.97623520e-3 1.13865000e-3 4.55461000e-4 0 9.190002e1
1.274065e2 3.43483255e-1 6.02891400e0 0.00000000e0 5.62168071e0 8.79562479e-3 4.50664036e-3 9.91382537e-2 1.96255896e-4 6.97283263e-3 1.13865000e-3 4.55461000e-4 0 9.200002e1
1.275065e2 3.43483266e-1 6.02891563e0 0.00000000e0 5.62106026e0 8.79127325e-3 4.50433356e-3 9.90878756e-2 1.96295815e-4 6.96944533e-3 1.13865000e-3 4.55461000e-4 0 9.210002e1
1.276065e2 3.43483277e-1 6.02891725e0 0.00000000e0 5.62043989e0 8.78694216e-3 4.50203750e-3 9.90377336e-2 1.96335619e-4 6.96607322e-3 1.13865000e-3 4.55461000e-4 0 9.220002e1
1.277065e2 3.43483288e-1 6.02891887e0 0.00000000e0 5.61981959e0 8.78263139e-3 4.49975214e-3 9.89878265e-2 1.96375308e-4 6.96271622e-3 1.13865000e-3 4.55461000e-4 0 9.230002e1
1.278065e2 3.43483299e-1 6.02892047e0 0.00000000e0 5.61919936e0 8.77834083e-3 4.49747740e-3 9.89381528e-2 1.96414884e-4 6.95937425e-3 1.13865000e-3 4.55461000e-4 0 9.240002e1
1.279065e2 3.43483310e-1 6.02892207e0 0.00000000e0 5.61857921e0 8.77407037e-3 4.49521323e-3 9.88887113e-2 1.96454348e-4 6.95604724e-3 1.13865000e-3 4.55461000e-4 0 9.250002e1
1.280065e2 3.43483321e-1 6.02892367e0 0.00000000e0 5.61795913e0 8.76981988e-3 4.49295957e-3 9.88395007e-2 1.96493700e-4 6.95273509e-3 1.13865000e-3 4.55461000e-4 0 9.260002e1
1.281065e2 3.43483331e-1 6.02892525e0 0.00000000e0 5.61733913e0 8.76558926e-3 4.49071637e-3 9.87905196e-2 1.96532942e-4 6.94943774e-3 1.13865000e-3 4.55461000e-4 0 9.270002e1
1.282065e2 3.43483342e-1 6.02892683e0 0.00000000e0 5.61671920e0 8.76137839e-3 4.48848355e-3 9.87417668e-2 1.96572076e-4 6.94615510e-3 1.13865000e-3 4.55461000e-4 0 9.280002e1
1.283065e2 3.43483353e-1 6.02892840e0 0.00000000e0 5.61609935e0 8.75718716e-3 4.48626108e-3 9.86932410e-2 1.96611101e-4 6.94288710e-3 1.13865000e-3 4.55461000e-4 0 9.290002e1
1.284065e2 3.43483363e-1 6.02892997e0 0.00000000e0 5.61547957e0 8.75301545e-3 4.48404888e-3 9.86449408e-2 1.96650019e-4 6.93963366e-3 1.13865000e-3 4.55461000e-4 0 9.300002e1
1.285065e2 3.43483374e-1 6.02893152e0 0.00000000e0 5.61485987e0 8.74886315e-3 4.48184691e-3 9.85968651e-2 1.96688831e-4 6.93639470e-3 1.13865000e-3 4.55461000e-4 0 9.310002e1
1.286065e2 3.43483384e-1 6.02893307e0 0.00000000e0 5.61424024e0 8.74473015e-3 4.47965510e-3 9.85490125e-2 1.96727538e-4 6.93317014e-3 1.13865000e-3 4.55461000e-4 0 9.320002e1
1.287065e2 3.43483395e-1 6.02893461e0 0.00000000e0 5.61362068e0 8.74061634e-3 4.47747339e-3 9.85013819e-2 1.96766141e-4 6.92995992e-3 1.13865000e-3 4.55461000e-4 0 9.330002e1
1.288065e2 3.43483405e-1 6.02893615e0 0.00000000e0 5.61300120e0 8.73652161e-3 4.47530174e-3 9.84539718e-2 1.96804641e-4 6.92676394e-3 1.13865000e-3 4.55461000e-4 0 9.340002e1
1.289065e2 3.43483415e-1 6.02893768e0 0.00000000e0 5.61238179e0 8.73244586e-3 4.47314009e-3 9.84067812e-2 1.96843039e-4 6.92358214e-3 1.13865000e-3 4.55461000e-4 0 9.350002e1
1.290065e2 3.43483426e-1 6.02893920e0 0.00000000e0 5.61176246e0 8.72838896e-3 4.47098837e-3 9.83598087e-2 1.96881335e-4 6.92041443e-3 1.13865000e-3 4.55461000e-4 0 9.360002e1
1.291065e2 3.43483436e-1 6.02894071e0 0.00000000e0 5.61114320e0 8.72435081e-3 4.46884654e-3 9.83130531e-2 1.96919532e-4 6.91726076e-3 1.13865000e-3 4.55461000e-4 0 9.370002e1
1.292065e2 3.43483446e-1 6.02894222e0 0.00000000e0 5.61052402e0 8.72033131e-3 4.46671454e-3 9.82665132e-2 1.96957629e-4 6.91412103e-3 1.13865000e-3 4.55461000e-4 0 9.380002e1
1.293065e2 3.43483456e-1 6.02894372e0 0.00000000e0 5.60990491e0 8.71633034e-3 4.46459232e-3 9.82201877e-2 1.96995629e-4 6.91099518e-3 1.13865000e-3 4.55461000e-4 0 9.390002e1
1.294065e2 3.43483466e-1 6.02894521e0 0.00000000e0 5.60928587e0 8.71234781e-3 4.46247981e-3 9.81740755e-2 1.97033531e-4 6.90788312e-3 1.13865000e-3 4.55461000e-4 0 9.400002e1
1.295065e2 3.43483477e-1 6.02894670e0 0.00000000e0 5.60866691e0 8.70838360e-3 4.46037697e-3 9.81281754e-2 1.97071336e-4 6.90478480e-3 1.13865000e-3 4.55461000e-4 0 9.410002e1
1.296065e2 3.43483487e-1 6.02894818e0 0.00000000e0 5.60804803e0 8.70443761e-3 4.45828374e-3 9.80824861e-2 1.97109046e-4 6.90170013e-3 1.13865000e-3 4.55461000e-4 0 9.420002e1
1.297065e2 3.43483497e-1 6.02894966e0 0.00000000e0 5.60742921e0 8.70050973e-3 4.45620007e-3 9.80370065e-2 1.97146662e-4 6.89862904e-3 1.13865000e-3 4.55461000e-4 0 9.430002e1
1.298065e2 3.43483507e-1 6.02895112e0 0.00000000e0 5.60681048e0 8.69659986e-3 4.45412591e-3 9.79917353e-2 1.97184184e-4 6.89557145e-3 1.13865000e-3 4.55461000e-4 0 9.440002e1
1.299065e2 3.43483516e-1 6.02895258e0 0.00000000e0 5.60619181e0 8.69270789e-3 4.45206119e-3 9.79466714e-2 1.97221613e-4 6.89252730e-3 1.13865000e-3 4.55461000e-4 0 9.450002e1
1.300065e2 3.43483526e-1 6.02895404e0 0.00000000e0 5.60557322e0 8.68883373e-3 4.45000588e-3 9.79018136e-2 1.97258950e-4 6.88949652e-3 1.13865000e-3 4.55461000e-4 0 9.460002e1
1.301065e2 3.43483536e-1 6.02895548e0 0.00000000e0 5.60495471e0 8.68497727e-3 4.44795991e-3 9.78571608e-2 1.97296196e-4 6.88647902e-3 1.13865000e-3 4.55461000e-4 0 9.470002e1
1.302065e2 3.43483546e-1 6.02895692e0 0.00000000e0 5.60433627e0 8.68113841e-3 4.44592323e-3 9.78127117e-2 1.97333352e-4 6.88347475e-3 1.13865000e-3 4.55461000e-4 0 9.480002e1
1.303065e2 3.43483556e-1 6.02895836e0 0.00000000e0 5.60371790e0 8.67731704e-3 4.44389579e-3 9.77684652e-2 1.97370418e-4 6.88048363e-3 1.13865000e-3 4.55461000e-4 0 9.490002e1
1.304065e2 3.43483565e-1 6.02895978e0 0.00000000e0 5.60309960e0 8.67351307e-3 4.44187755e-3 9.77244202e-2 1.97407396e-4 6.87750558e-3 1.13865000e-3 4.55461000e-4 0 9.500002e1
1.305065e2 3.43483575e-1 6.02896120e0 0.00000000e0 5.60248139e0 8.66972639e-3 4.43986844e-3 9.76805755e-2 1.97444286e-4 6.87454054e-3 1.13865000e-3 4.55461000e-4 0 9.510002e1
1.306065e2 3.43483585e-1 6.02896262e0 0.00000000e0 5.60186324e0 8.66595691e-3 4.43786842e-3 9.76369301e-2 1.97481090e-4 6.87158844e-3 1.13865000e-3 4.55461000e-4 0 9.520002e1
1.307065e2 3.43483594e-1 6.02896403e0 0.00000000e0 5.60124517e0 8.66220453e-3 4.43587744e-3 9.75934826e-2 1.97517808e-4 6.86864920e-3 1.13865000e-3 4.55461000e-4 0 9.530002e1
1.308065e2 3.43483604e-1 6.02896543e0 0.00000000e0 5.60062717e0 8.65846914e-3 4.43389544e-3 9.75502321e-2 1.97554440e-4 6.86572277e-3 1.13865000e-3 4.55461000e-4 0 9.540002e1
1.309065e2 3.43483613e-1 6.02896683e0 0.00000000e0 5.60000925e0 8.65475065e-3 4.43192238e-3 9.75071774e-2 1.97590988e-4 6.86280906e-3 1.13865000e-3 4.55461000e-4 0 9.550002e1
1.310065e2 3.43483623e-1 6.02896821e0 0.00000000e0 5.59939140e0 8.65104897e-3 4.42995820e-3 9.74643174e-2 1.97627452e-4 6.85990802e-3 1.13865000e-3 4.55461000e-4 0 9.560002e1
1.311065e2 3.43483632e-1 6.02896960e0 0.00000000e0 5.59877363e0 8.64736399e-3 4.42800286e-3 9.74216510e-2 1.97663834e-4 6.85701957e-3 1.13865000e-3 4.55461000e-4 0 9.570002e1
1.312065e2 3.43483641e-1 6.02897097e0 0.00000000e0 5.59815592e0 8.64369561e-3 4.42605630e-3 9.73791770e-2 1.97700133e-4 6.85414364e-3 1.13865000e-3 4.55461000e-4 0 9.580002e1
1.313065e2 3.43483651e-1 6.02897235e0 0.00000000e0 5.59753830e0 8.64004375e-3 4.42411848e-3 9.73368945e-2 1.97736351e-4 6.85128017e-3 1.13865000e-3 4.55461000e-4 0 9.590002e1
1.314065e2 3.43483660e-1 6.02897371e0 0.00000000e0 5.59692074e0 8.63640831e-3 4.42218934e-3 9.72948023e-2 1.97772489e-4 6.84842908e-3 1.13865000e-3 4.55461000e-4 0 9.600002e1
1.315065e2 3.43483669e-1 6.02897507e0 0.00000000e0 5.59630327e0 8.63278919e-3 4.42026885e-3 9.72528992e-2 1.97808547e-4 6.84559033e-3 1.13865000e-3 4.55461000e-4 0 9.610002e1
1.316065e2 3.43483678e-1 6.02897642e0 0.00000000e0 5.59568586e0 8.62918630e-3 4.41835694e-3 9.72111843e-2 1.97844526e-4 6.84276382e-3 1.13865000e-3 4.55461000e-4 0 9.620002e1
1.317065e2 3.43483688e-1 6.02897777e0 0.00000000e0 5.59506853e0 8.62559954e-3 4.41645357e-3 9.71696565e-2 1.97880426e-4 6.83994951e-3 1.13865000e-3 4.55461000e-4 0 9.630002e1
1.318065e2 3.43483697e-1 6.02897911e0 0.00000000e0 5.59445127e0 8.62202882e-3 4.41455870e-3 9.71283147e-2 1.97916250e-4 6.83714731e-3 1.13865000e-3 4.55461000e-4 0 9.640002e1
1.319065e2 3.43483706e-1 6.02898044e0 0.00000000e0 5.59383409e0 8.61847405e-3 4.41267227e-3 9.70871578e-2 1.97951996e-4 6.83435718e-3 1.13865000e-3 4.55461000e-4 0 9.650002e1
1.320065e2 3.43483715e-1 6.02898177e0 0.00000000e0 5.59321698e0 8.61493514e-3 4.41079424e-3 9.70461849e-2 1.97987666e-4 6.83157904e-3 1.13865000e-3 4.55461000e-4 0 9.660002e1
1.321065e2 3.43483724e-1 6.02898310e0 0.00000000e0 5.59259994e0 8.61141199e-3 4.40892456e-3 9.70053947e-2 1.98023261e-4 6.82881282e-3 1.13865000e-3 4.55461000e-4 0 9.670002e1
1.322065e2 3.43483733e-1 6.02898441e0 0.00000000e0 5.59198298e0 8.60790451e-3 4.40706318e-3 9.69647864e-2 1.98058781e-4 6.82605847e-3 1.13865000e-3 4.55461000e-4 0 9.680002e1
1.323065e2 3.43483742e-1 6.02898572e0 0.00000000e0 5.59136609e0 8.60441262e-3 4.40521006e-3 9.69243588e-2 1.98094227e-4 6.82331591e-3 1.13865000e-3 4.55461000e-4 0 9.690002e1
1.324065e2 3.43483751e-1 6.02898703e0 0.00000000e0 5.59074928e0 8.60093622e-3 4.40336514e-3 9.68841109e-2 1.98129600e-4 6.82058509e-3 1.13865000e-3 4.55461000e-4 0 9.700002e1
1.325065e2 3.43483759e-1 6.02898833e0 0.00000000e0 5.59013254e0 8.59747522e-3 4.40152840e-3 9.68440418e-2 1.98164901e-4 6.81786594e-3 1.13865000e-3 4.55461000e-4 0 9.710002e1
1.326065e2 3.43483768e-1 6.02898962e0 0.00000000e0 5.58951587e0 8.59402953e-3 4.39969976e-3 9.68041503e-2 1.98200129e-4 6.81515839e-3 1.13865000e-3 4.55461000e-4 0 9.720002e1
1.327065e2 3.43483777e-1 6.02899091e0 0.00000000e0 5.58889928e0 8.59059907e-3 4.39787920e-3 9.67644355e-2 1.98235287e-4 6.81246239e-3 1.13865000e-3 4.55461000e-4 0 9.730002e1
1.328065e2 3.43483786e-1 6.02899219e0 0.00000000e0 5.58828276e0 8.58718374e-3 4.39606667e-3 9.67248964e-2 1.98270373e-4 6.80977786e-3 1.13865000e-3 4.55461000e-4 0 9.740002e1
1.329065e2 3.43483795e-1 6.02899347e0 0.00000000e0 5.58766631e0 8.58378347e-3 4.39426212e-3 9.66855319e-2 1.98305390e-4 6.80710475e-3 1.13865000e-3 4.55461000e-4 0 9.750002e1
1.330065e2 3.43483803e-1 6.02899474e0 0.00000000e0 5.58704994e0 8.58039815e-3 4.39246550e-3 9.66463410e-2 1.98340337e-4 6.80444300e-3 1.13865000e-3 4.55461000e-4 0 9.760002e1
1.331065e2 3.43483812e-1 6.02899601e0 0.00000000e0 5.58643364e0 8.57702771e-3 4.39067678e-3 9.66073229e-2 1.98375216e-4 6.80179254e-3 1.13865000e-3 4.55461000e-4 0 9.770002e1
1.332065e2 3.43483820e-1 6.02899727e0 0.00000000e0 5.58581741e0 8.57367206e-3 4.38889589e-3 9.65684764e-2 1.98410027e-4 6.79915332e-3 1.13865000e-3 4.55461000e-4 0 9.780002e1
1.333065e2 3.43483829e-1 6.02899853e0 0.00000000e0 5.58520126e0 8.57033111e-3 4.38712282e-3 9.65298006e-2 1.98444771e-4 6.79652526e-3 1.13865000e-3 4.55461000e-4 0 9.790002e1
1.334065e2 3.43483838e-1 6.02899978e0 0.00000000e0 5.58458519e0 8.56700478e-3 4.38535750e-3 9.64912945e-2 1.98479448e-4 6.79390831e-3 1.13865000e-3 4.55461000e-4 0 9.800002e1
1.335065e2 3.43483846e-1 6.02900102e0 0.00000000e0 5.58396918e0 8.56369299e-3 4.38359989e-3 9.64529572e-2 1.98514058e-4 6.79130241e-3 1.13865000e-3 4.55461000e-4 0 9.810002e1
1.336065e2 3.43483854e-1 6.02900226e0 0.00000000e0 5.58335325e0 8.56039564e-3 4.38184995e-3 9.64147877e-2 1.98548604e-4 6.78870750e-3 1.13865000e-3 4.55461000e-4 0 9.820002e1
1.337065e2 3.43483863e-1 6.02900349e0 0.00000000e0 5.58273739e0 8.55711266e-3 4.38010764e-3 9.63767850e-2 1.98583084e-4 6.78612352e-3 1.13865000e-3 4.55461000e-4 0 9.830002e1
1.338065e2 3.43483871e-1 6.02900472e0 0.00000000e0 5.58212161e0 8.55384396e-3 4.37837292e-3 9.63389481e-2 1.98617500e-4 6.78355040e-3 1.13865000e-3 4.55461000e-4 0 9.840002e1
1.339065e2 3.43483880e-1 6.02900594e0 0.00000000e0 5.58150590e0 8.55058945e-3 4.37664573e-3 9.63012762e-2 1.98651852e-4 6.78098810e-3 1.13865000e-3 4.55461000e-4 0 9.850002e1
1.340065e2 3.43483888e-1 6.02900716e0 0.00000000e0 5.58089026e0 8.54734907e-3 4.37492604e-3 9.62637682e-2 1.98686142e-4 6.77843654e-3 1.13865000e-3 4.55461000e-4 0 9.860002e1
1.341065e2 3.43483896e-1 6.02900837e0 0.00000000e0 5.58027470e0 8.54412272e-3 4.37321381e-3 9.62264233e-2 1.98720368e-4 6.77589567e-3 1.13865000e-3 4.55461000e-4 0 9.870002e1
1.342065e2 3.43483905e-1 6.02900958e0 0.00000000e0 5.57965921e0 8.54091032e-3 4.37150899e-3 9.61892405e-2 1.98754533e-4 6.77336544e-3 1.13865000e-3 4.55461000e-4 0 9.880002e1
1.343065e2 3.43483913e-1 6.02901078e0 0.00000000e0 5.57904380e0 8.53771179e-3 4.36981154e-3 9.61522189e-2 1.98788637e-4 6.77084578e-3 1.13865000e-3 4.55461000e-4 0 9.890002e1
1.344065e2 3.43483921e-1 6.02901198e0 0.00000000e0 5.57842845e0 8.53452706e-3 4.36812142e-3 9.61153575e-2 1.98822680e-4 6.76833663e-3 1.13865000e-3 4.55461000e-4 0 9.900002e1
1.345065e2 3.43483929e-1 6.02901317e0 0.00000000e0 5.57781319e0 8.53135604e-3 4.36643859e-3 9.60786554e-2 1.98856662e-4 6.76583795e-3 1.13865000e-3 4.55461000e-4 0 9.910002e1
1.346065e2 3.43483937e-1 6.02901436e0 0.00000000e0 5.57719799e0 8.52819865e-3 4.36476301e-3 9.60421118e-2 1.98890585e-4 6.76334966e-3 1.13865000e-3 4.55461000e-4 0 9.920002e1
1.347065e2 3.43483945e-1 6.02901554e0 0.00000000e0 5.57658287e0 8.52505481e-3 4.36309463e-3 9.60057256e-2 1.98924449e-4 6.76087171e-3 1.13865000e-3 4.55461000e-4 0 9.930002e1
1.348065e2 3.43483953e-1 6.02901672e0 0.00000000e0 5.57596782e0 8.52192445e-3 4.36143341e-3 9.59694961e-2 1.98958254e-4 6.75840406e-3 1.13865000e-3 4.55461000e-4 0 9.940002e1
1.349065e2 3.43483961e-1 6.02901789e0 0.00000000e0 5.57535285e0 8.51880748e-3 4.35977932e-3 9.59334223e-2 1.98992001e-4 6.75594663e-3 1.13865000e-3 4.55461000e-4 0 9.950002e1
1.350065e2 3.43483969e-1 6.02901906e0 0.00000000e0 5.57473794e0 8.51570383e-3 4.35813231e-3 9.58975033e-2 1.99025691e-4 6.75349937e-3 1.13865000e-3 4.55461000e-4 0 9.960002e1
1.351065e2 3.43483977e-1 6.02902022e0 0.00000000e0 5.57412312e0 8.51261342e-3 4.35649235e-3 9.58617382e-2 1.99059323e-4 6.75106223e-3 1.13865000e-3 4.55461000e-4 0 9.970002e1
1.352065e2 3.43483985e-1 6.02902137e0 0.00000000e0 5.57350836e0 8.50953618e-3 4.35485938e-3 9.58261261e-2 1.99092900e-4 6.74863516e-3 1.13865000e-3 4.55461000e-4 0 9.980002e1
1.353065e2 3.43483993e-1 6.02902253e0 0.00000000e0 5.57289368e0 8.50647202e-3 4.35323339e-3 9.57906662e-2 1.99126420e-4 6.74621809e-3 1.13865000e-3 4.55461000e-4 0 9.990002e1
1.354065e2 3.43484001e-1 6.02902367e0 0.00000000e0 5.57227907e0 8.50342087e-3 4.35161431e-3 9.57553576e-2 1.99159885e-4 6.74381097e-3 1.13865000e-3 4.55461000e-4 0 1.000000e2
1.355065e2 3.43484009e-1 6.02902482e0 0.00000000e0 5.57166454e0 8.50038266e-3 4.35000212e-3 9.57201995e-2 1.99193295e-4 6.74141375e-3 1.13865000e-3 4.55461000e-4 0 1.001000e2
1.356065e2 3.43484017e-1 6.02902595e0 0.00000000e0 5.57105007e0 8.49735731e-3 4.34839677e-3 9.56851908e-2 1.99226651e-4 6.73902637e-3 1.13865000e-3 4.55461000e-4 0 1.002000e2
1.357065e2 3.43484024e-1 6.02902709e0 0.00000000e0 5.57043569e0 8.49434475e-3 4.34679823e-3 9.56503309e-2 1.99259952e-4 6.73664877e-3 1.13865000e-3 4.55461000e-4 0 1.003000e2
1.358065e2 3.43484032e-1 6.02902821e0 0.00000000e0 5.56982137e0 8.49134489e-3 4.34520646e-3 9.56156188e-2 1.99293201e-4 6.73428091e-3 1.13865000e-3 4.55461000e-4 0 1.004000e2
1.359065e2 3.43484040e-1 6.02902934e0 0.00000000e0 5.56920713e0 8.48835768e-3 4.34362141e-3 9.55810537e-2 1.99326396e-4 6.73192273e-3 1.13865000e-3 4.55461000e-4 0 1.005000e2
1.360065e2 3.43484047e-1 6.02903046e0 0.00000000e0 5.56859296e0 8.48538302e-3 4.34204306e-3 9.55466347e-2 1.99359539e-4 6.72957418e-3 1.13865000e-3 4.55461000e-4 0 1.006000e2
1.361065e2 3.43484055e-1 6.02903157e0 0.00000000e0 5.56797887e0 8.48242086e-3 4.34047136e-3 9.55123611e-2 1.99392630e-4 6.72723520e-3 1.13865000e-3 4.55461000e-4 0 1.007000e2
1.362065e2 3.43484063e-1 6.02903268e0 0.00000000e0 5.56736484e0 8.47947112e-3 4.33890627e-3 9.54782319e-2 1.99425670e-4 6.72490574e-3 1.13865000e-3 4.55461000e-4 0 1.008000e2
1.363065e2 3.43484070e-1 6.02903378e0 0.00000000e0 5.56675089e0 8.47653372e-3 4.33734776e-3 9.54442464e-2 1.99458658e-4 6.72258575e-3 1.13865000e-3 4.55461000e-4 0 1.009000e2
1.364065e2 3.43484078e-1 6.02903488e0 0.00000000e0 5.56613702e0 8.47360859e-3 4.33579579e-3 9.54104036e-2 1.99491596e-4 6.72027517e-3 1.13865000e-3 4.55461000e-4 0 1.010000e2
1.365065e2 3.43484085e-1 6.02903598e0 0.00000000e0 5.56552322e0 8.47069567e-3 4.33425032e-3 9.53767029e-2 1.99524484e-4 6.71797395e-3 1.13865000e-3 4.55461000e-4 0 1.011000e2
1.366065e2 3.43484093e-1 6.02903707e0 0.00000000e0 5.56490949e0 8.46779488e-3 4.33271132e-3 9.53431433e-2 1.99557323e-4 6.71568205e-3 1.13865000e-3 4.55461000e-4 0 1.012000e2
1.367065e2 3.43484100e-1 6.02903816e0 0.00000000e0 5.56429583e0 8.46490615e-3 4.33117874e-3 9.53097241e-2 1.99590112e-4 6.71339940e-3 1.13865000e-3 4.55461000e-4 0 1.013000e2
1.368065e2 3.43484108e-1 6.02903924e0 0.00000000e0 5.56368225e0 8.46202941e-3 4.32965256e-3 9.52764445e-2 1.99622852e-4 6.71112596e-3 1.13865000e-3 4.55461000e-4 0 1.014000e2
1.369065e2 3.43484115e-1 6.02904032e0 0.00000000e0 5.56306874e0 8.45916459e-3 4.32813273e-3 9.52433036e-2 1.99655545e-4 6.70886168e-3 1.13865000e-3 4.55461000e-4 0 1.015000e2
1.370065e2 3.43484123e-1 6.02904139e0 0.00000000e0 5.56245530e0 8.45631162e-3 4.32661922e-3 9.52103006e-2 1.99688189e-4 6.70660651e-3 1.13865000e-3 4.55461000e-4 0 1.016000e2
1.371065e2 3.43484130e-1 6.02904246e0 0.00000000e0 5.56184194e0 8.45347044e-3 4.32511199e-3 9.51774348e-2 1.99720786e-4 6.70436039e-3 1.13865000e-3 4.55461000e-4 0 1.017000e2
1.372065e2 3.43484137e-1 6.02904352e0 0.00000000e0 5.56122865e0 8.45064097e-3 4.32361101e-3 9.51447053e-2 1.99753336e-4 6.70212328e-3 1.13865000e-3 4.55461000e-4 0 1.018000e2
1.373065e2 3.43484145e-1 6.02904458e0 0.00000000e0 5.56061543e0 8.44782314e-3 4.32211624e-3 9.51121115e-2 1.99785840e-4 6.69989512e-3 1.13865000e-3 4.55461000e-4 0 1.019000e2
1.374065e2 3.43484152e-1 6.02904564e0 0.00000000e0 5.56000229e0 8.44501689e-3 4.32062765e-3 9.50796524e-2 1.99818297e-4 6.69767587e-3 1.13865000e-3 4.55461000e-4 0 1.020000e2
1.375065e2 3.43484159e-1 6.02904669e0 0.00000000e0 5.55938921e0 8.44222215e-3 4.31914519e-3 9.50473274e-2 1.99850709e-4 6.69546548e-3 1.13865000e-3 4.55461000e-4 0 1.021000e2
1.376065e2 3.43484166e-1 6.02904774e0 0.00000000e0 5.55877622e0 8.43943886e-3 4.31766884e-3 9.50151356e-2 1.99883075e-4 6.69326389e-3 1.13865000e-3 4.55461000e-4 0 1.022000e2
1.377065e2 3.43484173e-1 6.02904878e0 0.00000000e0 5.55816329e0 8.43666694e-3 4.31619857e-3 9.49830763e-2 1.99915396e-4 6.69107106e-3 1.13865000e-3 4.55461000e-4 0 1.023000e2
1.378065e2 3.43484181e-1 6.02904982e0 0.00000000e0 5.55755044e0 8.43390633e-3 4.31473432e-3 9.49511487e-2 1.99947673e-4 6.68888694e-3 1.13865000e-3 4.55461000e-4 0 1.024000e2
1.379065e2 3.43484188e-1 6.02905085e0 0.00000000e0 5.55693766e0 8.43115696e-3 4.31327608e-3 9.49193520e-2 1.99979906e-4 6.68671148e-3 1.13865000e-3 4.55461000e-4 0 1.025000e2
1.380065e2 3.43484195e-1 6.02905188e0 0.00000000e0 5.55632495e0 8.42841877e-3 4.31182381e-3 9.48876856e-2 2.00012096e-4 6.68454464e-3 1.13865000e-3 4.55461000e-4 0 1.026000e2
1.381065e2 3.43484202e-1 6.02905291e0 0.00000000e0 5.55571232e0 8.42569170e-3 4.31037747e-3 9.48561486e-2 2.00044242e-4 6.68238636e-3 1.13865000e-3 4.55461000e-4 0 1.027000e2
1.382065e2 3.43484209e-1 6.02905393e0 0.00000000e0 5.55509976e0 8.42297567e-3 4.30893702e-3 9.48247402e-2 2.00076345e-4 6.68023660e-3 1.13865000e-3 4.55461000e-4 0 1.028000e2
1.383065e2 3.43484216e-1 6.02905495e0 0.00000000e0 5.55448727e0 8.42027063e-3 4.30750245e-3 9.47934599e-2 2.00108405e-4 6.67809530e-3 1.13865000e-3 4.55461000e-4 0 1.029000e2
1.384065e2 3.43484223e-1 6.02905596e0 0.00000000e0 5.55387486e0 8.41757651e-3 4.30607370e-3 9.47623068e-2 2.00140424e-4 6.67596243e-3 1.13865000e-3 4.55461000e-4 0 1.030000e2
1.385065e2 3.43484230e-1 6.02905697e0 0.00000000e0 5.55326252e0 8.41489324e-3 4.30465075e-3 9.47312801e-2 2.00172400e-4 6.67383794e-3 1.13865000e-3 4.55461000e-4 0 1.031000e2
1.386065e2 3.43484237e-1 6.02905798e0 0.00000000e0 5.55265025e0 8.41222077e-3 4.30323357e-3 9.47003793e-2 2.00204336e-4 6.67172177e-3 1.13865000e-3 4.55461000e-4 0 1.032000e2
1.387065e2 3.43484244e-1 6.02905898e0 0.00000000e0 5.55203805e0 8.40955903e-3 4.30182212e-3 9.46696034e-2 2.00236230e-4 6.66961389e-3 1.13865000e-3 4.55461000e-4 0 1.033000e2
1.388065e2 3.43484251e-1 6.02905998e0 0.00000000e0 5.55142593e0 8.40690795e-3 4.30041637e-3 9.46389519e-2 2.00268084e-4 6.66751424e-3 1.13865000e-3 4.55461000e-4 0 1.034000e2
1.389065e2 3.43484257e-1 6.02906097e0 0.00000000e0 5.55081388e0 8.40426748e-3 4.29901628e-3 9.46084239e-2 2.00299897e-4 6.66542278e-3 1.13865000e-3 4.55461000e-4 0 1.035000e2
1.390065e2 3.43484264e-1 6.02906196e0 0.00000000e0 5.55020190e0 8.40163755e-3 4.29762183e-3 9.45780188e-2 2.00331671e-4 6.66333947e-3 1.13865000e-3 4.55461000e-4 0 1.036000e2
1.391065e2 3.43484271e-1 6.02906295e0 0.00000000e0 5.54959000e0 8.39901811e-3 4.29623298e-3 9.45477359e-2 2.00363405e-4 6.66126426e-3 1.13865000e-3 4.55461000e-4 0 1.037000e2
1.392065e2 3.43484278e-1 6.02906393e0 0.00000000e0 5.54897817e0 8.39640908e-3 4.29484970e-3 9.45175744e-2 2.00395100e-4 6.65919710e-3 1.13865000e-3 4.55461000e-4 0 1.038000e2
1.393065e2 3.43484285e-1 6.02906491e0 0.00000000e0 5.54836641e0 8.39381042e-3 4.29347196e-3 9.44875337e-2 2.00426756e-4 6.65713795e-3 1.13865000e-3 4.55461000e-4 0 1.039000e2
1.394065e2 3.43484291e-1 6.02906588e0 0.00000000e0 5.54775472e0 8.39122205e-3 4.29209972e-3 9.44576131e-2 2.00458373e-4 6.65508676e-3 1.13865000e-3 4.55461000e-4 0 1.040000e2
1.395065e2 3.43484298e-1 6.02906685e0 0.00000000e0 5.54714311e0 8.38864392e-3 4.29073296e-3 9.44278118e-2 2.00489952e-4 6.65304349e-3 1.13865000e-3 4.55461000e-4 0 1.041000e2
1.396065e2 3.43484305e-1 6.02906782e0 0.00000000e0 5.54653157e0 8.38607597e-3 4.28937164e-3 9.43981292e-2 2.00521494e-4 6.65100810e-3 1.13865000e-3 4.55461000e-4 0 1.042000e2
1.397065e2 3.43484311e-1 6.02906878e0 0.00000000e0 5.54592010e0 8.38351814e-3 4.28801573e-3 9.43685646e-2 2.00552998e-4 6.64898054e-3 1.13865000e-3 4.55461000e-4 0 1.043000e2
1.398065e2 3.43484318e-1 6.02906974e0 0.00000000e0 5.54530871e0 8.38097038e-3 4.28666520e-3 9.43391172e-2 2.00584465e-4 6.64696077e-3 1.13865000e-3 4.55461000e-4 0 1.044000e2
1.399065e2 3.43484325e-1 6.02907070e0 0.00000000e0 5.54469739e0 8.37843261e-3 4.28532002e-3 9.43097865e-2 2.00615895e-4 6.64494874e-3 1.13865000e-3 4.55461000e-4 0 1.045000e2
1.400065e2 3.43484331e-1 6.02907165e0 0.00000000e0 5.54408614e0 8.37590479e-3 4.28398017e-3 9.42805718e-2 2.00647289e-4 6.64294441e-3 1.13865000e-3 4.55461000e-4 0 1.046000e2
1.401065e2 3.43484338e-1 6.02907259e0 0.00000000e0 5.54347496e0 8.37338685e-3 4.28264560e-3 9.42514723e-2 2.00678646e-4 6.64094774e-3 1.13865000e-3 4.55461000e-4 0 1.047000e2
1.402065e2 3.43484344e-1 6.02907354e0 0.00000000e0 5.54286386e0 8.37087874e-3 4.28131628e-3 9.42224875e-2 2.00709968e-4 6.63895869e-3 1.13865000e-3 4.55461000e-4 0 1.048000e2
1.403065e2 3.43484351e-1 6.02907448e0 0.00000000e0 5.54225283e0 8.36838040e-3 4.27999220e-3 9.41936166e-2 2.00741254e-4 6.63697720e-3 1.13865000e-3 4.55461000e-4 0 1.049000e2
1.404065e2 3.43484357e-1 6.02907542e0 0.00000000e0 5.54164187e0 8.36589177e-3 4.27867331e-3 9.41648590e-2 2.00772504e-4 6.63500325e-3 1.13865000e-3 4.55461000e-4 0 1.050000e2
1.405065e2 3.43484364e-1 6.02907635e0 0.00000000e0 5.54103098e0 8.36341280e-3 4.27735960e-3 9.41362140e-2 2.00803720e-4 6.63303678e-3 1.13865000e-3 4.55461000e-4 0 1.051000e2
1.406065e2 3.43484370e-1 6.02907728e0 0.00000000e0 5.54042017e0 8.36094343e-3 4.27605102e-3 9.41076810e-2 2.00834902e-4 6.63107776e-3 1.13865000e-3 4.55461000e-4 0 1.052000e2
1.407065e2 3.43484377e-1 6.02907821e0 0.00000000e0 5.53980943e0 8.35848361e-3 4.27474755e-3 9.40792593e-2 2.00866049e-4 6.62912614e-3 1.13865000e-3 4.55461000e-4 0 1.053000e2
1.408065e2 3.43484383e-1 6.02907913e0 0.00000000e0 5.53919876e0 8.35603327e-3 4.27344915e-3 9.40509483e-2 2.00897162e-4 6.62718188e-3 1.13865000e-3 4.55461000e-4 0 1.054000e2
1.409065e2 3.43484389e-1 6.02908005e0 0.00000000e0 5.53858817e0 8.35359236e-3 4.27215581e-3 9.40227474e-2 2.00928241e-4 6.62524494e-3 1.13865000e-3 4.55461000e-4 0 1.055000e2
1.410065e2 3.43484396e-1 6.02908096e0 0.00000000e0 5.53797765e0 8.35116083e-3 4.27086749e-3 9.39946559e-2 2.00959287e-4 6.62331528e-3 1.13865000e-3 4.55461000e-4 0 1.056000e2
1.411065e2 3.43484402e-1 6.02908187e0 0.00000000e0 5.53736720e0 8.34873863e-3 4.26958417e-3 9.39666731e-2 2.00990300e-4 6.62139287e-3 1.13865000e-3 4.55461000e-4 0 1.057000e2
1.412065e2 3.43484408e-1 6.02908278e0 0.00000000e0 5.53675682e0 8.34632569e-3 4.26830580e-3 9.39387985e-2 2.01021280e-4 6.61947764e-3 1.13865000e-3 4.55461000e-4 0 1.058000e2
1.413065e2 3.43484415e-1 6.02908369e0 0.00000000e0 5.53614651e0 8.34392196e-3 4.26703237e-3 9.39110315e-2 2.01052228e-4 6.61756958e-3 1.13865000e-3 4.55461000e-4 0 1.059000e2
1.414065e2 3.43484421e-1 6.02908459e0 0.00000000e0 5.53553628e0 8.34152740e-3 4.26576385e-3 9.38833713e-2 2.01083143e-4 6.61566863e-3 1.13865000e-3 4.55461000e-4 0 1.060000e2
1.415065e2 3.43484427e-1 6.02908549e0 0.00000000e0 5.53492612e0 8.33914194e-3 4.26450021e-3 9.38558174e-2 2.01114026e-4 6.61377476e-3 1.13865000e-3 4.55461000e-4 0 1.061000e2
1.416065e2 3.43484433e-1 6.02908638e0 0.00000000e0 5.53431604e0 8.33676554e-3 4.26324142e-3 9.38283691e-2 2.01144878e-4 6.61188793e-3 1.13865000e-3 4.55461000e-4 0 1.062000e2
1.417065e2 3.43484439e-1 6.02908727e0 0.00000000e0 5.53370602e0 8.33439813e-3 4.26198745e-3 9.38010259e-2 2.01175698e-4 6.61000810e-3 1.13865000e-3 4.55461000e-4 0 1.063000e2
1.418065e2 3.43484446e-1 6.02908816e0 0.00000000e0 5.53309608e0 8.33203967e-3 4.26073827e-3 9.37737872e-2 2.01206487e-4 6.60813522e-3 1.13865000e-3 4.55461000e-4 0 1.064000e2
1.419065e2 3.43484452e-1 6.02908905e0 0.00000000e0 5.53248621e0 8.32969011e-3 4.25949386e-3 9.37466522e-2 2.01237246e-4 6.60626926e-3 1.13865000e-3 4.55461000e-4 0 1.065000e2
1.420065e2 3.43484458e-1 6.02908993e0 0.00000000e0 5.53187642e0 8.32734939e-3 4.25825419e-3 9.37196205e-2 2.01267973e-4 6.60441019e-3 1.13865000e-3 4.55461000e-4 0 1.066000e2
1.421065e2 3.43484464e-1 6.02909081e0 0.00000000e0 5.53126669e0 8.32501746e-3 4.25701924e-3 9.36926914e-2 2.01298671e-4 6.60255795e-3 1.13865000e-3 4.55461000e-4 0 1.067000e2
1.422065e2 3.43484470e-1 6.02909168e0 0.00000000e0 5.53065704e0 8.32269428e-3 4.25578897e-3 9.36658644e-2 2.01329338e-4 6.60071252e-3 1.13865000e-3 4.55461000e-4 0 1.068000e2
1.423065e2 3.43484476e-1 6.02909255e0 0.00000000e0 5.53004746e0 8.32037978e-3 4.25456335e-3 9.36391388e-2 2.01359976e-4 6.59887385e-3 1.13865000e-3 4.55461000e-4 0 1.069000e2
1.424065e2 3.43484482e-1 6.02909342e0 0.00000000e0 5.52943795e0 8.31807392e-3 4.25334237e-3 9.36125141e-2 2.01390584e-4 6.59704191e-3 1.13865000e-3 4.55461000e-4 0 1.070000e2
1.425065e2 3.43484488e-1 6.02909429e0 0.00000000e0 5.52882852e0 8.31577664e-3 4.25212599e-3 9.35859896e-2 2.01421162e-4 6.59521666e-3 1.13865000e-3 4.55461000e-4 0 1.071000e2
1.426065e2 3.43484494e-1 6.02909515e0 0.00000000e0 5.52821916e0 8.31348791e-3 4.25091420e-3 9.35595648e-2 2.01451712e-4 6.59339806e-3 1.13865000e-3 4.55461000e-4 0 1.072000e2
1.427065e2 3.43484500e-1 6.02909601e0 0.00000000e0 5.52760987e0 8.31120766e-3 4.24970695e-3 9.35332392e-2 2.01482233e-4 6.59158607e-3 1.13865000e-3 4.55461000e-4 0 1.073000e2
1.428065e2 3.43484506e-1 6.02909686e0 0.00000000e0 5.52700065e0 8.30893585e-3 4.24850423e-3 9.35070120e-2 2.01512725e-4 6.58978066e-3 1.13865000e-3 4.55461000e-4 0 1.074000e2
1.429065e2 3.43484512e-1 6.02909772e0 0.00000000e0 5.52639151e0 8.30667242e-3 4.24730601e-3 9.34808828e-2 2.01543189e-4 6.58798179e-3 1.13865000e-3 4.55461000e-4 0 1.075000e2
1.430065e2 3.43484518e-1 6.02909857e0 0.00000000e0 5.52578244e0 8.30441734e-3 4.24611226e-3 9.34548511e-2 2.01573625e-4 6.58618942e-3 1.13865000e-3 4.55461000e-4 0 1.076000e2
1.431065e2 3.43484524e-1 6.02909941e0 0.00000000e0 5.52517344e0 8.30217055e-3 4.24492296e-3 9.34289161e-2 2.01604034e-4 6.58440352e-3 1.13865000e-3 4.55461000e-4 0 1.077000e2
1.432065e2 3.43484530e-1 6.02910026e0 0.00000000e0 5.52456451e0 8.29993199e-3 4.24373808e-3 9.34030774e-2 2.01634414e-4 6.58262404e-3 1.13865000e-3 4.55461000e-4 0 1.078000e2
1.433065e2 3.43484535e-1 6.02910110e0 0.00000000e0 5.52395565e0 8.29770163e-3 4.24255760e-3 9.33773344e-2 2.01664767e-4 6.58085096e-3 1.13865000e-3 4.55461000e-4 0 1.079000e2
1.434065e2 3.43484541e-1 6.02910193e0 0.00000000e0 5.52334687e0 8.29547942e-3 4.24138149e-3 9.33516866e-2 2.01695094e-4 6.57908423e-3 1.13865000e-3 4.55461000e-4 0 1.080000e2
1.435065e2 3.43484547e-1 6.02910277e0 0.00000000e0 5.52273816e0 8.29326531e-3 4.24020972e-3 9.33261334e-2 2.01725393e-4 6.57732383e-3 1.13865000e-3 4.55461000e-4 0 1.081000e2
1.436065e2 3.43484553e-1 6.02910360e0 0.00000000e0 5.52212952e0 8.29105924e-3 4.23904228e-3 9.33006742e-2 2.01755666e-4 6.57556970e-3 1.13865000e-3 4.55461000e-4 0 1.082000e2
1.437065e2 3.43484559e-1 6.02910443e0 0.00000000e0 5.52152096e0 8.28886118e-3 4.23787913e-3 9.32753085e-2 2.01785912e-4 6.57382183e-3 1.13865000e-3 4.55461000e-4 0 1.083000e2
1.438065e2 3.43484564e-1 6.02910525e0 0.00000000e0 5.52091246e0 8.28667107e-3 4.23672025e-3 9.32500358e-2 2.01816132e-4 6.57208018e-3 1.13865000e-3 4.55461000e-4 0 1.084000e2
1.439065e2 3.43484570e-1 6.02910607e0 0.00000000e0 5.52030404e0 8.28448888e-3 4.23556562e-3 9.32248555e-2 2.01846326e-4 6.57034470e-3 1.13865000e-3 4.55461000e-4 0 1.085000e2
1.440065e2 3.43484576e-1 6.02910689e0 0.00000000e0 5.51969569e0 8.28231454e-3 4.23441522e-3 9.31997670e-2 2.01876495e-4 6.56861536e-3 1.13865000e-3 4.55461000e-4 0 1.086000e2
1.441065e2 3.43484581e-1 6.02910771e0 0.00000000e0 5.51908742e0 8.28014803e-3 4.23326900e-3 9.31747700e-2 2.01906638e-4 6.56689214e-3 1.13865000e-3 4.55461000e-4 0 1.087000e2
1.442065e2 3.43484587e-1 6.02910852e0 0.00000000e0 5.51847921e0 8.27798928e-3 4.23212697e-3 9.31498637e-2 2.01936755e-4 6.56517499e-3 1.13865000e-3 4.55461000e-4 0 1.088000e2
1.443065e2 3.43484593e-1 6.02910933e0 0.00000000e0 5.51787108e0 8.27583827e-3 4.23098908e-3 9.31250477e-2 2.01966848e-4 6.56346388e-3 1.13865000e-3 4.55461000e-4 0 1.089000e2
1.444065e2 3.43484598e-1 6.02911014e0 0.00000000e0 5.51726302e0 8.27369493e-3 4.22985532e-3 9.31003215e-2 2.01996915e-4 6.56175878e-3 1.13865000e-3 4.55461000e-4 0 1.090000e2
1.445065e2 3.43484604e-1 6.02911094e0 0.00000000e0 5.51665504e0 8.27155923e-3 4.22872566e-3 9.30756845e-2 2.02026958e-4 6.56005964e-3 1.13865000e-3 4.55461000e-4 0 1.091000e2
1.446065e2 3.43484610e-1 6.02911175e0 0.00000000e0 5.51604712e0 8.26943112e-3 4.22760007e-3 9.30511363e-2 2.02056977e-4 6.55836645e-3 1.13865000e-3 4.55461000e-4 0 1.092000e2
1.447065e2 3.43484615e-1 6.02911254e0 0.00000000e0 5.51543928e0 8.26731055e-3 4.22647855e-3 9.30266763e-2 2.02086971e-4 6.55667916e-3 1.13865000e-3 4.55461000e-4 0 1.093000e2
1.448065e2 3.43484621e-1 6.02911334e0 0.00000000e0 5.51483151e0 8.26519749e-3 4.22536105e-3 9.30023039e-2 2.02116941e-4 6.55499774e-3 1.13865000e-3 4.55461000e-4 0 1.094000e2
1.449065e2 3.43484626e-1 6.02911413e0 0.00000000e0 5.51422381e0 8.26309189e-3 4.22424756e-3 9.29780187e-2 2.02146887e-4 6.55332217e-3 1.13865000e-3 4.55461000e-4 0 1.095000e2
1.450065e2 3.43484632e-1 6.02911492e0 0.00000000e0 5.51361618e0 8.26099370e-3 4.22313805e-3 9.29538203e-2 2.02176810e-4 6.55165239e-3 1.13865000e-3 4.55461000e-4 0 1.096000e2
1.451065e2 3.43484637e-1 6.02911571e0 0.00000000e0 5.51300863e0 8.25890288e-3 4.22203251e-3 9.29297079e-2 2.02206709e-4 6.54998839e-3 1.13865000e-3 4.55461000e-4 0 1.097000e2
1.452065e2 3.43484643e-1 6.02911650e0 0.00000000e0 5.51240115e0 8.25681939e-3 4.22093090e-3 9.29056813e-2 2.02236585e-4 6.54833013e-3 1.13865000e-3 4.55461000e-4 0 1.098000e2
1.453065e2 3.43484648e-1 6.02911728e0 0.00000000e0 5.51179374e0 8.25474319e-3 4.21983321e-3 9.28817398e-2 2.02266438e-4 6.54667757e-3 1.13865000e-3 4.55461000e-4 0 1.099000e2
1.454065e2 3.43484654e-1 6.02911806e0 0.00000000e0 5.51118640e0 8.25267423e-3 4.21873941e-3 9.28578830e-2 2.02296268e-4 6.54503069e-3 1.13865000e-3 4.55461000e-4 0 1.100000e2
1.455065e2 3.43484659e-1 6.02911884e0 0.00000000e0 5.51057913e0 8.25061247e-3 4.21764948e-3 9.28341104e-2 2.02326075e-4 6.54338945e-3 1.13865000e-3 4.55461000e-4 0 1.101000e2
1.456065e2 3.43484665e-1 6.02911961e0 0.00000000e0 5.50997194e0 8.24855786e-3 4.21656340e-3 9.28104215e-2 2.02355860e-4 6.54175382e-3 1.13865000e-3 4.55461000e-4 0 1.102000e2
1.457065e2 3.43484670e-1 6.02912038e0 0.00000000e0 5.50936482e0 8.24651038e-3 4.21548115e-3 9.27868158e-2 2.02385623e-4 6.54012377e-3 1.13865000e-3 4.55461000e-4 0 1.103000e2
1.458065e2 3.43484675e-1 6.02912115e0 0.00000000e0 5.50875777e0 8.24446996e-3 4.21440270e-3 9.27632928e-2 2.02415363e-4 6.53849926e-3 1.13865000e-3 4.55461000e-4 0 1.104000e2
1.459065e2 3.43484681e-1 6.02912192e0 0.00000000e0 5.50815079e0 8.24243658e-3 4.21332803e-3 9.27398521e-2 2.02445082e-4 6.53688027e-3 1.13865000e-3 4.55461000e-4 0 1.105000e2
1.460065e2 3.43484686e-1 6.02912268e0 0.00000000e0 5.50754389e0 8.24041019e-3 4.21225713e-3 9.27164931e-2 2.02474778e-4 6.53526677e-3 1.13865000e-3 4.55461000e-4 0 1.106000e2
1.461065e2 3.43484691e-1 6.02912344e0 0.00000000e0 5.50693705e0 8.23839075e-3 4.21118996e-3 9.26932155e-2 2.02504453e-4 6.53365872e-3 1.13865000e-3 4.55461000e-4 0 1.107000e2
1.462065e2 3.43484697e-1 6.02912420e0 0.00000000e0 5.50633029e0 8.23637822e-3 4.21012650e-3 9.26700186e-2 2.02534107e-4 6.53205609e-3 1.13865000e-3 4.55461000e-4 0 1.108000e2
1.463065e2 3.43484702e-1 6.02912496e0 0.00000000e0 5.50572360e0 8.23437256e-3 4.20906675e-3 9.26469021e-2 2.02563740e-4 6.53045885e-3 1.13865000e-3 4.55461000e-4 0 1.109000e2
1.464065e2 3.43484707e-1 6.02912571e0 0.00000000e0 5.50511699e0 8.23237373e-3 4.20801066e-3 9.26238654e-2 2.02593351e-4 6.52886697e-3 1.13865000e-3 4.55461000e-4 0 1.110000e2
1.465065e2 3.43484712e-1 6.02912646e0 0.00000000e0 5.50451044e0 8.23038169e-3 4.20695823e-3 9.26009082e-2 2.02622942e-4 6.52728042e-3 1.13865000e-3 4.55461000e-4 0 1.111000e2
1.466065e2 3.43484718e-1 6.02912721e0 0.00000000e0 5.50390397e0 8.22839640e-3 4.20590943e-3 9.25780299e-2 2.02652512e-4 6.52569917e-3 1.13865000e-3 4.55461000e-4 0 1.112000e2
1.467065e2 3.43484723e-1 6.02912795e0 0.00000000e0 5.50329757e0 8.22641782e-3 4.20486424e-3 9.25552301e-2 2.02682061e-4 6.52412319e-3 1.13865000e-3 4.55461000e-4 0 1.113000e2
1.468065e2 3.43484728e-1 6.02912870e0 0.00000000e0 5.50269124e0 8.22444590e-3 4.20382263e-3 9.25325083e-2 2.02711590e-4 6.52255245e-3 1.13865000e-3 4.55461000e-4 0 1.114000e2
1.469065e2 3.43484733e-1 6.02912944e0 0.00000000e0 5.50208498e0 8.22248062e-3 4.20278460e-3 9.25098641e-2 2.02741098e-4 6.52098692e-3 1.13865000e-3 4.55461000e-4 0 1.115000e2
1.470065e2 3.43484738e-1 6.02913017e0 0.00000000e0 5.50147880e0 8.22052193e-3 4.20175012e-3 9.24872971e-2 2.02770587e-4 6.51942657e-3 1.13865000e-3 4.55461000e-4 0 1.116000e2
1.471065e2 3.43484744e-1 6.02913091e0 0.00000000e0 5.50087269e0 8.21856980e-3 4.20071916e-3 9.24648067e-2 2.02800056e-4 6.51787137e-3 1.13865000e-3 4.55461000e-4 0 1.117000e2
1.472065e2 3.43484749e-1 6.02913164e0 0.00000000e0 5.50026664e0 8.21662418e-3 4.19969171e-3 9.24423925e-2 2.02829505e-4 6.51632129e-3 1.13865000e-3 4.55461000e-4 0 1.118000e2
1.473065e2 3.43484754e-1 6.02913237e0 0.00000000e0 5.49966068e0 8.21468503e-3 4.19866774e-3 9.24200542e-2 2.02858935e-4 6.51477630e-3 1.13865000e-3 4.55461000e-4 0 1.119000e2
1.474065e2 3.43484759e-1 6.02913310e0 0.00000000e0 5.49905478e0 8.21275233e-3 4.19764724e-3 9.23977911e-2 2.02888345e-4 6.51323638e-3 1.13865000e-3 4.55461000e-4 0 1.120000e2
1.475065e2 3.43484764e-1 6.02913383e0 0.00000000e0 5.49844895e0 8.21082602e-3 4.19663019e-3 9.23756030e-2 2.02917736e-4 6.51170149e-3 1.13865000e-3 4.55461000e-4 0 1.121000e2
1.476065e2 3.43484769e-1 6.02913455e0 0.00000000e0 5.49784320e0 8.20890608e-3 4.19561656e-3 9.23534894e-2 2.02947107e-4 6.51017161e-3 1.13865000e-3 4.55461000e-4 0 1.122000e2
1.477065e2 3.43484774e-1 6.02913527e0 0.00000000e0 5.49723752e0 8.20699247e-3 4.19460634e-3 9.23314498e-2 2.02976460e-4 6.50864671e-3 1.13865000e-3 4.55461000e-4 0 1.123000e2
1.478065e2 3.43484779e-1 6.02913599e0 0.00000000e0 5.49663191e0 8.20508515e-3 4.19359951e-3 9.23094838e-2 2.03005794e-4 6.50712675e-3 1.13865000e-3 4.55461000e-4 0 1.124000e2
1.479065e2 3.43484784e-1 6.02913671e0 0.00000000e0 5.49602637e0 8.20318408e-3 4.19259605e-3 9.22875909e-2 2.03035110e-4 6.50561172e-3 1.13865000e-3 4.55461000e-4 0 1.125000e2
1.480065e2 3.43484789e-1 6.02913742e0 0.00000000e0 5.49542091e0 8.20128922e-3 4.19159593e-3 9.22657709e-2 2.03064407e-4 6.50410157e-3 1.13865000e-3 4.55461000e-4 0 1.126000e2
1.481065e2 3.43484794e-1 6.02913813e0 0.00000000e0 5.49481551e0 8.19940055e-3 4.19059914e-3 9.22440231e-2 2.03093685e-4 6.50259630e-3 1.13865000e-3 4.55461000e-4 0 1.127000e2
1.482065e2 3.43484799e-1 6.02913884e0 0.00000000e0 5.49421019e0 8.19751801e-3 4.18960566e-3 9.22223472e-2 2.03122946e-4 6.50109586e-3 1.13865000e-3 4.55461000e-4 0 1.128000e2
1.483065e2 3.43484804e-1 6.02913955e0 0.00000000e0 5.49360494e0 8.19564159e-3 4.18861547e-3 9.22007429e-2 2.03152188e-4 6.49960023e-3 1.13865000e-3 4.55461000e-4 0 1.129000e2
1.484065e2 3.43484809e-1 6.02914026e0 0.00000000e0 5.49299976e0 8.19377123e-3 4.18762854e-3 9.21792096e-2 2.03181412e-4 6.49810938e-3 1.13865000e-3 4.55461000e-4 0 1.130000e2
1.485065e2 3.43484814e-1 6.02914096e0 0.00000000e0 5.49239466e0 8.19190692e-3 4.18664488e-3 9.21577470e-2 2.03210619e-4 6.49662329e-3 1.13865000e-3 4.55461000e-4 0 1.131000e2
1.486065e2 3.43484819e-1 6.02914166e0 0.00000000e0 5.49178962e0 8.19004860e-3 4.18566444e-3 9.21363546e-2 2.03239808e-4 6.49514192e-3 1.13865000e-3 4.55461000e-4 0 1.132000e2
1.487065e2 3.43484824e-1 6.02914236e0 0.00000000e0 5.49118466e0 8.18819624e-3 4.18468722e-3 9.21150320e-2 2.03268980e-4 6.49366526e-3 1.13865000e-3 4.55461000e-4 0 1.133000e2
1.488065e2 3.43484829e-1 6.02914305e0 0.00000000e0 5.49057977e0 8.18634982e-3 4.18371319e-3 9.20937789e-2 2.03298134e-4 6.49219327e-3 1.13865000e-3 4.55461000e-4 0 1.134000e2
1.489065e2 3.43484834e-1 6.02914375e0 0.00000000e0 5.48997495e0 8.18450929e-3 4.18274234e-3 9.20725947e-2 2.03327271e-4 6.49072593e-3 1.13865000e-3 4.55461000e-4 0 1.135000e2
1.490065e2 3.43484839e-1 6.02914444e0 0.00000000e0 5.48937020e0 8.18267463e-3 4.18177465e-3 9.20514793e-2 2.03356391e-4 6.48926321e-3 1.13865000e-3 4.55461000e-4 0 1.136000e2
1.491065e2 3.43484843e-1 6.02914513e0 0.00000000e0 5.48876553e0 8.18084579e-3 4.18081010e-3 9.20304320e-2 2.03385494e-4 6.48780508e-3 1.13865000e-3 4.55461000e-4 0 1.137000e2
1.492065e2 3.43484848e-1 6.02914582e0 0.00000000e0 5.48816092e0 8.17902274e-3 4.17984867e-3 9.20094525e-2 2.03414580e-4 6.48635152e-3 1.13865000e-3 4.55461000e-4 0 1.138000e2
1.493065e2 3.43484853e-1 6.02914650e0 0.00000000e0 5.48755639e0 8.17720545e-3 4.17889034e-3 9.19885405e-2 2.03443650e-4 6.48490251e-3 1.13865000e-3 4.55461000e-4 0 1.139000e2
1.494065e2 3.43484858e-1 6.02914718e0 0.00000000e0 5.48695193e0 8.17539389e-3 4.17793511e-3 9.19676955e-2 2.03472703e-4 6.48345801e-3 1.13865000e-3 4.55461000e-4 0 1.140000e2
1.495065e2 3.43484863e-1 6.02914786e0 0.00000000e0 5.48634754e0 8.17358801e-3 4.17698293e-3 9.19469172e-2 2.03501739e-4 6.48201800e-3 1.13865000e-3 4.55461000e-4 0 1.141000e2
1.496065e2 3.43484867e-1 6.02914854e0 0.00000000e0 5.48574322e0 8.17178780e-3 4.17603381e-3 9.19262051e-2 2.03530759e-4 6.48058246e-3 1.13865000e-3 4.55461000e-4 0 1.142000e2
1.497065e2 3.43484872e-1 6.02914922e0 0.00000000e0 5.48513898e0 8.16999321e-3 4.17508772e-3 9.19055589e-2 2.03559763e-4 6.47915135e-3 1.13865000e-3 4.55461000e-4 0 1.143000e2
1.498065e2 3.43484877e-1 6.02914989e0 0.00000000e0 5.48453481e0 8.16820421e-3 4.17414465e-3 9.18849781e-2 2.03588751e-4 6.47772466e-3 1.13865000e-3 4.55461000e-4 0 1.144000e2
1.499065e2 3.43484882e-1 6.02915057e0 0.00000000e0 5.48393070e0 8.16642077e-3 4.17320457e-3 9.18644625e-2 2.03617724e-4 6.47630236e-3 1.13865000e-3 4.55461000e-4 0 1.145000e2
